# DIPOLE TYPE: 1 

# NQUAD: 101 

# RTOL: 1e-12 
# ATOL: 1e-30 

# TRANSMITTERS: 1
0.0 0.0 2050.0 1.0 0.0 90.0

# FREQUENCIES: 1
1

# LAYERS: 5
-1e+150 1000000000000.0
0.0 0.3
1000.0 1.0
2000.0 100.0
2100.0 1.0

# RECEIVERS: 2197
-3000.0 -3000.0 -3000.0
-3000.0 -3000.0 -2500.0
-3000.0 -3000.0 -2000.0
-3000.0 -3000.0 -1500.0
-3000.0 -3000.0 -1000.0
-3000.0 -3000.0 -500.0
-3000.0 -3000.0 0.0
-3000.0 -3000.0 500.0
-3000.0 -3000.0 1000.0
-3000.0 -3000.0 1500.0
-3000.0 -3000.0 2000.0
-3000.0 -3000.0 2500.0
-3000.0 -3000.0 3000.0
-3000.0 -2500.0 -3000.0
-3000.0 -2500.0 -2500.0
-3000.0 -2500.0 -2000.0
-3000.0 -2500.0 -1500.0
-3000.0 -2500.0 -1000.0
-3000.0 -2500.0 -500.0
-3000.0 -2500.0 0.0
-3000.0 -2500.0 500.0
-3000.0 -2500.0 1000.0
-3000.0 -2500.0 1500.0
-3000.0 -2500.0 2000.0
-3000.0 -2500.0 2500.0
-3000.0 -2500.0 3000.0
-3000.0 -2000.0 -3000.0
-3000.0 -2000.0 -2500.0
-3000.0 -2000.0 -2000.0
-3000.0 -2000.0 -1500.0
-3000.0 -2000.0 -1000.0
-3000.0 -2000.0 -500.0
-3000.0 -2000.0 0.0
-3000.0 -2000.0 500.0
-3000.0 -2000.0 1000.0
-3000.0 -2000.0 1500.0
-3000.0 -2000.0 2000.0
-3000.0 -2000.0 2500.0
-3000.0 -2000.0 3000.0
-3000.0 -1500.0 -3000.0
-3000.0 -1500.0 -2500.0
-3000.0 -1500.0 -2000.0
-3000.0 -1500.0 -1500.0
-3000.0 -1500.0 -1000.0
-3000.0 -1500.0 -500.0
-3000.0 -1500.0 0.0
-3000.0 -1500.0 500.0
-3000.0 -1500.0 1000.0
-3000.0 -1500.0 1500.0
-3000.0 -1500.0 2000.0
-3000.0 -1500.0 2500.0
-3000.0 -1500.0 3000.0
-3000.0 -1000.0 -3000.0
-3000.0 -1000.0 -2500.0
-3000.0 -1000.0 -2000.0
-3000.0 -1000.0 -1500.0
-3000.0 -1000.0 -1000.0
-3000.0 -1000.0 -500.0
-3000.0 -1000.0 0.0
-3000.0 -1000.0 500.0
-3000.0 -1000.0 1000.0
-3000.0 -1000.0 1500.0
-3000.0 -1000.0 2000.0
-3000.0 -1000.0 2500.0
-3000.0 -1000.0 3000.0
-3000.0 -500.0 -3000.0
-3000.0 -500.0 -2500.0
-3000.0 -500.0 -2000.0
-3000.0 -500.0 -1500.0
-3000.0 -500.0 -1000.0
-3000.0 -500.0 -500.0
-3000.0 -500.0 0.0
-3000.0 -500.0 500.0
-3000.0 -500.0 1000.0
-3000.0 -500.0 1500.0
-3000.0 -500.0 2000.0
-3000.0 -500.0 2500.0
-3000.0 -500.0 3000.0
-3000.0 0.0 -3000.0
-3000.0 0.0 -2500.0
-3000.0 0.0 -2000.0
-3000.0 0.0 -1500.0
-3000.0 0.0 -1000.0
-3000.0 0.0 -500.0
-3000.0 0.0 0.0
-3000.0 0.0 500.0
-3000.0 0.0 1000.0
-3000.0 0.0 1500.0
-3000.0 0.0 2000.0
-3000.0 0.0 2500.0
-3000.0 0.0 3000.0
-3000.0 500.0 -3000.0
-3000.0 500.0 -2500.0
-3000.0 500.0 -2000.0
-3000.0 500.0 -1500.0
-3000.0 500.0 -1000.0
-3000.0 500.0 -500.0
-3000.0 500.0 0.0
-3000.0 500.0 500.0
-3000.0 500.0 1000.0
-3000.0 500.0 1500.0
-3000.0 500.0 2000.0
-3000.0 500.0 2500.0
-3000.0 500.0 3000.0
-3000.0 1000.0 -3000.0
-3000.0 1000.0 -2500.0
-3000.0 1000.0 -2000.0
-3000.0 1000.0 -1500.0
-3000.0 1000.0 -1000.0
-3000.0 1000.0 -500.0
-3000.0 1000.0 0.0
-3000.0 1000.0 500.0
-3000.0 1000.0 1000.0
-3000.0 1000.0 1500.0
-3000.0 1000.0 2000.0
-3000.0 1000.0 2500.0
-3000.0 1000.0 3000.0
-3000.0 1500.0 -3000.0
-3000.0 1500.0 -2500.0
-3000.0 1500.0 -2000.0
-3000.0 1500.0 -1500.0
-3000.0 1500.0 -1000.0
-3000.0 1500.0 -500.0
-3000.0 1500.0 0.0
-3000.0 1500.0 500.0
-3000.0 1500.0 1000.0
-3000.0 1500.0 1500.0
-3000.0 1500.0 2000.0
-3000.0 1500.0 2500.0
-3000.0 1500.0 3000.0
-3000.0 2000.0 -3000.0
-3000.0 2000.0 -2500.0
-3000.0 2000.0 -2000.0
-3000.0 2000.0 -1500.0
-3000.0 2000.0 -1000.0
-3000.0 2000.0 -500.0
-3000.0 2000.0 0.0
-3000.0 2000.0 500.0
-3000.0 2000.0 1000.0
-3000.0 2000.0 1500.0
-3000.0 2000.0 2000.0
-3000.0 2000.0 2500.0
-3000.0 2000.0 3000.0
-3000.0 2500.0 -3000.0
-3000.0 2500.0 -2500.0
-3000.0 2500.0 -2000.0
-3000.0 2500.0 -1500.0
-3000.0 2500.0 -1000.0
-3000.0 2500.0 -500.0
-3000.0 2500.0 0.0
-3000.0 2500.0 500.0
-3000.0 2500.0 1000.0
-3000.0 2500.0 1500.0
-3000.0 2500.0 2000.0
-3000.0 2500.0 2500.0
-3000.0 2500.0 3000.0
-3000.0 3000.0 -3000.0
-3000.0 3000.0 -2500.0
-3000.0 3000.0 -2000.0
-3000.0 3000.0 -1500.0
-3000.0 3000.0 -1000.0
-3000.0 3000.0 -500.0
-3000.0 3000.0 0.0
-3000.0 3000.0 500.0
-3000.0 3000.0 1000.0
-3000.0 3000.0 1500.0
-3000.0 3000.0 2000.0
-3000.0 3000.0 2500.0
-3000.0 3000.0 3000.0
-2500.0 -3000.0 -3000.0
-2500.0 -3000.0 -2500.0
-2500.0 -3000.0 -2000.0
-2500.0 -3000.0 -1500.0
-2500.0 -3000.0 -1000.0
-2500.0 -3000.0 -500.0
-2500.0 -3000.0 0.0
-2500.0 -3000.0 500.0
-2500.0 -3000.0 1000.0
-2500.0 -3000.0 1500.0
-2500.0 -3000.0 2000.0
-2500.0 -3000.0 2500.0
-2500.0 -3000.0 3000.0
-2500.0 -2500.0 -3000.0
-2500.0 -2500.0 -2500.0
-2500.0 -2500.0 -2000.0
-2500.0 -2500.0 -1500.0
-2500.0 -2500.0 -1000.0
-2500.0 -2500.0 -500.0
-2500.0 -2500.0 0.0
-2500.0 -2500.0 500.0
-2500.0 -2500.0 1000.0
-2500.0 -2500.0 1500.0
-2500.0 -2500.0 2000.0
-2500.0 -2500.0 2500.0
-2500.0 -2500.0 3000.0
-2500.0 -2000.0 -3000.0
-2500.0 -2000.0 -2500.0
-2500.0 -2000.0 -2000.0
-2500.0 -2000.0 -1500.0
-2500.0 -2000.0 -1000.0
-2500.0 -2000.0 -500.0
-2500.0 -2000.0 0.0
-2500.0 -2000.0 500.0
-2500.0 -2000.0 1000.0
-2500.0 -2000.0 1500.0
-2500.0 -2000.0 2000.0
-2500.0 -2000.0 2500.0
-2500.0 -2000.0 3000.0
-2500.0 -1500.0 -3000.0
-2500.0 -1500.0 -2500.0
-2500.0 -1500.0 -2000.0
-2500.0 -1500.0 -1500.0
-2500.0 -1500.0 -1000.0
-2500.0 -1500.0 -500.0
-2500.0 -1500.0 0.0
-2500.0 -1500.0 500.0
-2500.0 -1500.0 1000.0
-2500.0 -1500.0 1500.0
-2500.0 -1500.0 2000.0
-2500.0 -1500.0 2500.0
-2500.0 -1500.0 3000.0
-2500.0 -1000.0 -3000.0
-2500.0 -1000.0 -2500.0
-2500.0 -1000.0 -2000.0
-2500.0 -1000.0 -1500.0
-2500.0 -1000.0 -1000.0
-2500.0 -1000.0 -500.0
-2500.0 -1000.0 0.0
-2500.0 -1000.0 500.0
-2500.0 -1000.0 1000.0
-2500.0 -1000.0 1500.0
-2500.0 -1000.0 2000.0
-2500.0 -1000.0 2500.0
-2500.0 -1000.0 3000.0
-2500.0 -500.0 -3000.0
-2500.0 -500.0 -2500.0
-2500.0 -500.0 -2000.0
-2500.0 -500.0 -1500.0
-2500.0 -500.0 -1000.0
-2500.0 -500.0 -500.0
-2500.0 -500.0 0.0
-2500.0 -500.0 500.0
-2500.0 -500.0 1000.0
-2500.0 -500.0 1500.0
-2500.0 -500.0 2000.0
-2500.0 -500.0 2500.0
-2500.0 -500.0 3000.0
-2500.0 0.0 -3000.0
-2500.0 0.0 -2500.0
-2500.0 0.0 -2000.0
-2500.0 0.0 -1500.0
-2500.0 0.0 -1000.0
-2500.0 0.0 -500.0
-2500.0 0.0 0.0
-2500.0 0.0 500.0
-2500.0 0.0 1000.0
-2500.0 0.0 1500.0
-2500.0 0.0 2000.0
-2500.0 0.0 2500.0
-2500.0 0.0 3000.0
-2500.0 500.0 -3000.0
-2500.0 500.0 -2500.0
-2500.0 500.0 -2000.0
-2500.0 500.0 -1500.0
-2500.0 500.0 -1000.0
-2500.0 500.0 -500.0
-2500.0 500.0 0.0
-2500.0 500.0 500.0
-2500.0 500.0 1000.0
-2500.0 500.0 1500.0
-2500.0 500.0 2000.0
-2500.0 500.0 2500.0
-2500.0 500.0 3000.0
-2500.0 1000.0 -3000.0
-2500.0 1000.0 -2500.0
-2500.0 1000.0 -2000.0
-2500.0 1000.0 -1500.0
-2500.0 1000.0 -1000.0
-2500.0 1000.0 -500.0
-2500.0 1000.0 0.0
-2500.0 1000.0 500.0
-2500.0 1000.0 1000.0
-2500.0 1000.0 1500.0
-2500.0 1000.0 2000.0
-2500.0 1000.0 2500.0
-2500.0 1000.0 3000.0
-2500.0 1500.0 -3000.0
-2500.0 1500.0 -2500.0
-2500.0 1500.0 -2000.0
-2500.0 1500.0 -1500.0
-2500.0 1500.0 -1000.0
-2500.0 1500.0 -500.0
-2500.0 1500.0 0.0
-2500.0 1500.0 500.0
-2500.0 1500.0 1000.0
-2500.0 1500.0 1500.0
-2500.0 1500.0 2000.0
-2500.0 1500.0 2500.0
-2500.0 1500.0 3000.0
-2500.0 2000.0 -3000.0
-2500.0 2000.0 -2500.0
-2500.0 2000.0 -2000.0
-2500.0 2000.0 -1500.0
-2500.0 2000.0 -1000.0
-2500.0 2000.0 -500.0
-2500.0 2000.0 0.0
-2500.0 2000.0 500.0
-2500.0 2000.0 1000.0
-2500.0 2000.0 1500.0
-2500.0 2000.0 2000.0
-2500.0 2000.0 2500.0
-2500.0 2000.0 3000.0
-2500.0 2500.0 -3000.0
-2500.0 2500.0 -2500.0
-2500.0 2500.0 -2000.0
-2500.0 2500.0 -1500.0
-2500.0 2500.0 -1000.0
-2500.0 2500.0 -500.0
-2500.0 2500.0 0.0
-2500.0 2500.0 500.0
-2500.0 2500.0 1000.0
-2500.0 2500.0 1500.0
-2500.0 2500.0 2000.0
-2500.0 2500.0 2500.0
-2500.0 2500.0 3000.0
-2500.0 3000.0 -3000.0
-2500.0 3000.0 -2500.0
-2500.0 3000.0 -2000.0
-2500.0 3000.0 -1500.0
-2500.0 3000.0 -1000.0
-2500.0 3000.0 -500.0
-2500.0 3000.0 0.0
-2500.0 3000.0 500.0
-2500.0 3000.0 1000.0
-2500.0 3000.0 1500.0
-2500.0 3000.0 2000.0
-2500.0 3000.0 2500.0
-2500.0 3000.0 3000.0
-2000.0 -3000.0 -3000.0
-2000.0 -3000.0 -2500.0
-2000.0 -3000.0 -2000.0
-2000.0 -3000.0 -1500.0
-2000.0 -3000.0 -1000.0
-2000.0 -3000.0 -500.0
-2000.0 -3000.0 0.0
-2000.0 -3000.0 500.0
-2000.0 -3000.0 1000.0
-2000.0 -3000.0 1500.0
-2000.0 -3000.0 2000.0
-2000.0 -3000.0 2500.0
-2000.0 -3000.0 3000.0
-2000.0 -2500.0 -3000.0
-2000.0 -2500.0 -2500.0
-2000.0 -2500.0 -2000.0
-2000.0 -2500.0 -1500.0
-2000.0 -2500.0 -1000.0
-2000.0 -2500.0 -500.0
-2000.0 -2500.0 0.0
-2000.0 -2500.0 500.0
-2000.0 -2500.0 1000.0
-2000.0 -2500.0 1500.0
-2000.0 -2500.0 2000.0
-2000.0 -2500.0 2500.0
-2000.0 -2500.0 3000.0
-2000.0 -2000.0 -3000.0
-2000.0 -2000.0 -2500.0
-2000.0 -2000.0 -2000.0
-2000.0 -2000.0 -1500.0
-2000.0 -2000.0 -1000.0
-2000.0 -2000.0 -500.0
-2000.0 -2000.0 0.0
-2000.0 -2000.0 500.0
-2000.0 -2000.0 1000.0
-2000.0 -2000.0 1500.0
-2000.0 -2000.0 2000.0
-2000.0 -2000.0 2500.0
-2000.0 -2000.0 3000.0
-2000.0 -1500.0 -3000.0
-2000.0 -1500.0 -2500.0
-2000.0 -1500.0 -2000.0
-2000.0 -1500.0 -1500.0
-2000.0 -1500.0 -1000.0
-2000.0 -1500.0 -500.0
-2000.0 -1500.0 0.0
-2000.0 -1500.0 500.0
-2000.0 -1500.0 1000.0
-2000.0 -1500.0 1500.0
-2000.0 -1500.0 2000.0
-2000.0 -1500.0 2500.0
-2000.0 -1500.0 3000.0
-2000.0 -1000.0 -3000.0
-2000.0 -1000.0 -2500.0
-2000.0 -1000.0 -2000.0
-2000.0 -1000.0 -1500.0
-2000.0 -1000.0 -1000.0
-2000.0 -1000.0 -500.0
-2000.0 -1000.0 0.0
-2000.0 -1000.0 500.0
-2000.0 -1000.0 1000.0
-2000.0 -1000.0 1500.0
-2000.0 -1000.0 2000.0
-2000.0 -1000.0 2500.0
-2000.0 -1000.0 3000.0
-2000.0 -500.0 -3000.0
-2000.0 -500.0 -2500.0
-2000.0 -500.0 -2000.0
-2000.0 -500.0 -1500.0
-2000.0 -500.0 -1000.0
-2000.0 -500.0 -500.0
-2000.0 -500.0 0.0
-2000.0 -500.0 500.0
-2000.0 -500.0 1000.0
-2000.0 -500.0 1500.0
-2000.0 -500.0 2000.0
-2000.0 -500.0 2500.0
-2000.0 -500.0 3000.0
-2000.0 0.0 -3000.0
-2000.0 0.0 -2500.0
-2000.0 0.0 -2000.0
-2000.0 0.0 -1500.0
-2000.0 0.0 -1000.0
-2000.0 0.0 -500.0
-2000.0 0.0 0.0
-2000.0 0.0 500.0
-2000.0 0.0 1000.0
-2000.0 0.0 1500.0
-2000.0 0.0 2000.0
-2000.0 0.0 2500.0
-2000.0 0.0 3000.0
-2000.0 500.0 -3000.0
-2000.0 500.0 -2500.0
-2000.0 500.0 -2000.0
-2000.0 500.0 -1500.0
-2000.0 500.0 -1000.0
-2000.0 500.0 -500.0
-2000.0 500.0 0.0
-2000.0 500.0 500.0
-2000.0 500.0 1000.0
-2000.0 500.0 1500.0
-2000.0 500.0 2000.0
-2000.0 500.0 2500.0
-2000.0 500.0 3000.0
-2000.0 1000.0 -3000.0
-2000.0 1000.0 -2500.0
-2000.0 1000.0 -2000.0
-2000.0 1000.0 -1500.0
-2000.0 1000.0 -1000.0
-2000.0 1000.0 -500.0
-2000.0 1000.0 0.0
-2000.0 1000.0 500.0
-2000.0 1000.0 1000.0
-2000.0 1000.0 1500.0
-2000.0 1000.0 2000.0
-2000.0 1000.0 2500.0
-2000.0 1000.0 3000.0
-2000.0 1500.0 -3000.0
-2000.0 1500.0 -2500.0
-2000.0 1500.0 -2000.0
-2000.0 1500.0 -1500.0
-2000.0 1500.0 -1000.0
-2000.0 1500.0 -500.0
-2000.0 1500.0 0.0
-2000.0 1500.0 500.0
-2000.0 1500.0 1000.0
-2000.0 1500.0 1500.0
-2000.0 1500.0 2000.0
-2000.0 1500.0 2500.0
-2000.0 1500.0 3000.0
-2000.0 2000.0 -3000.0
-2000.0 2000.0 -2500.0
-2000.0 2000.0 -2000.0
-2000.0 2000.0 -1500.0
-2000.0 2000.0 -1000.0
-2000.0 2000.0 -500.0
-2000.0 2000.0 0.0
-2000.0 2000.0 500.0
-2000.0 2000.0 1000.0
-2000.0 2000.0 1500.0
-2000.0 2000.0 2000.0
-2000.0 2000.0 2500.0
-2000.0 2000.0 3000.0
-2000.0 2500.0 -3000.0
-2000.0 2500.0 -2500.0
-2000.0 2500.0 -2000.0
-2000.0 2500.0 -1500.0
-2000.0 2500.0 -1000.0
-2000.0 2500.0 -500.0
-2000.0 2500.0 0.0
-2000.0 2500.0 500.0
-2000.0 2500.0 1000.0
-2000.0 2500.0 1500.0
-2000.0 2500.0 2000.0
-2000.0 2500.0 2500.0
-2000.0 2500.0 3000.0
-2000.0 3000.0 -3000.0
-2000.0 3000.0 -2500.0
-2000.0 3000.0 -2000.0
-2000.0 3000.0 -1500.0
-2000.0 3000.0 -1000.0
-2000.0 3000.0 -500.0
-2000.0 3000.0 0.0
-2000.0 3000.0 500.0
-2000.0 3000.0 1000.0
-2000.0 3000.0 1500.0
-2000.0 3000.0 2000.0
-2000.0 3000.0 2500.0
-2000.0 3000.0 3000.0
-1500.0 -3000.0 -3000.0
-1500.0 -3000.0 -2500.0
-1500.0 -3000.0 -2000.0
-1500.0 -3000.0 -1500.0
-1500.0 -3000.0 -1000.0
-1500.0 -3000.0 -500.0
-1500.0 -3000.0 0.0
-1500.0 -3000.0 500.0
-1500.0 -3000.0 1000.0
-1500.0 -3000.0 1500.0
-1500.0 -3000.0 2000.0
-1500.0 -3000.0 2500.0
-1500.0 -3000.0 3000.0
-1500.0 -2500.0 -3000.0
-1500.0 -2500.0 -2500.0
-1500.0 -2500.0 -2000.0
-1500.0 -2500.0 -1500.0
-1500.0 -2500.0 -1000.0
-1500.0 -2500.0 -500.0
-1500.0 -2500.0 0.0
-1500.0 -2500.0 500.0
-1500.0 -2500.0 1000.0
-1500.0 -2500.0 1500.0
-1500.0 -2500.0 2000.0
-1500.0 -2500.0 2500.0
-1500.0 -2500.0 3000.0
-1500.0 -2000.0 -3000.0
-1500.0 -2000.0 -2500.0
-1500.0 -2000.0 -2000.0
-1500.0 -2000.0 -1500.0
-1500.0 -2000.0 -1000.0
-1500.0 -2000.0 -500.0
-1500.0 -2000.0 0.0
-1500.0 -2000.0 500.0
-1500.0 -2000.0 1000.0
-1500.0 -2000.0 1500.0
-1500.0 -2000.0 2000.0
-1500.0 -2000.0 2500.0
-1500.0 -2000.0 3000.0
-1500.0 -1500.0 -3000.0
-1500.0 -1500.0 -2500.0
-1500.0 -1500.0 -2000.0
-1500.0 -1500.0 -1500.0
-1500.0 -1500.0 -1000.0
-1500.0 -1500.0 -500.0
-1500.0 -1500.0 0.0
-1500.0 -1500.0 500.0
-1500.0 -1500.0 1000.0
-1500.0 -1500.0 1500.0
-1500.0 -1500.0 2000.0
-1500.0 -1500.0 2500.0
-1500.0 -1500.0 3000.0
-1500.0 -1000.0 -3000.0
-1500.0 -1000.0 -2500.0
-1500.0 -1000.0 -2000.0
-1500.0 -1000.0 -1500.0
-1500.0 -1000.0 -1000.0
-1500.0 -1000.0 -500.0
-1500.0 -1000.0 0.0
-1500.0 -1000.0 500.0
-1500.0 -1000.0 1000.0
-1500.0 -1000.0 1500.0
-1500.0 -1000.0 2000.0
-1500.0 -1000.0 2500.0
-1500.0 -1000.0 3000.0
-1500.0 -500.0 -3000.0
-1500.0 -500.0 -2500.0
-1500.0 -500.0 -2000.0
-1500.0 -500.0 -1500.0
-1500.0 -500.0 -1000.0
-1500.0 -500.0 -500.0
-1500.0 -500.0 0.0
-1500.0 -500.0 500.0
-1500.0 -500.0 1000.0
-1500.0 -500.0 1500.0
-1500.0 -500.0 2000.0
-1500.0 -500.0 2500.0
-1500.0 -500.0 3000.0
-1500.0 0.0 -3000.0
-1500.0 0.0 -2500.0
-1500.0 0.0 -2000.0
-1500.0 0.0 -1500.0
-1500.0 0.0 -1000.0
-1500.0 0.0 -500.0
-1500.0 0.0 0.0
-1500.0 0.0 500.0
-1500.0 0.0 1000.0
-1500.0 0.0 1500.0
-1500.0 0.0 2000.0
-1500.0 0.0 2500.0
-1500.0 0.0 3000.0
-1500.0 500.0 -3000.0
-1500.0 500.0 -2500.0
-1500.0 500.0 -2000.0
-1500.0 500.0 -1500.0
-1500.0 500.0 -1000.0
-1500.0 500.0 -500.0
-1500.0 500.0 0.0
-1500.0 500.0 500.0
-1500.0 500.0 1000.0
-1500.0 500.0 1500.0
-1500.0 500.0 2000.0
-1500.0 500.0 2500.0
-1500.0 500.0 3000.0
-1500.0 1000.0 -3000.0
-1500.0 1000.0 -2500.0
-1500.0 1000.0 -2000.0
-1500.0 1000.0 -1500.0
-1500.0 1000.0 -1000.0
-1500.0 1000.0 -500.0
-1500.0 1000.0 0.0
-1500.0 1000.0 500.0
-1500.0 1000.0 1000.0
-1500.0 1000.0 1500.0
-1500.0 1000.0 2000.0
-1500.0 1000.0 2500.0
-1500.0 1000.0 3000.0
-1500.0 1500.0 -3000.0
-1500.0 1500.0 -2500.0
-1500.0 1500.0 -2000.0
-1500.0 1500.0 -1500.0
-1500.0 1500.0 -1000.0
-1500.0 1500.0 -500.0
-1500.0 1500.0 0.0
-1500.0 1500.0 500.0
-1500.0 1500.0 1000.0
-1500.0 1500.0 1500.0
-1500.0 1500.0 2000.0
-1500.0 1500.0 2500.0
-1500.0 1500.0 3000.0
-1500.0 2000.0 -3000.0
-1500.0 2000.0 -2500.0
-1500.0 2000.0 -2000.0
-1500.0 2000.0 -1500.0
-1500.0 2000.0 -1000.0
-1500.0 2000.0 -500.0
-1500.0 2000.0 0.0
-1500.0 2000.0 500.0
-1500.0 2000.0 1000.0
-1500.0 2000.0 1500.0
-1500.0 2000.0 2000.0
-1500.0 2000.0 2500.0
-1500.0 2000.0 3000.0
-1500.0 2500.0 -3000.0
-1500.0 2500.0 -2500.0
-1500.0 2500.0 -2000.0
-1500.0 2500.0 -1500.0
-1500.0 2500.0 -1000.0
-1500.0 2500.0 -500.0
-1500.0 2500.0 0.0
-1500.0 2500.0 500.0
-1500.0 2500.0 1000.0
-1500.0 2500.0 1500.0
-1500.0 2500.0 2000.0
-1500.0 2500.0 2500.0
-1500.0 2500.0 3000.0
-1500.0 3000.0 -3000.0
-1500.0 3000.0 -2500.0
-1500.0 3000.0 -2000.0
-1500.0 3000.0 -1500.0
-1500.0 3000.0 -1000.0
-1500.0 3000.0 -500.0
-1500.0 3000.0 0.0
-1500.0 3000.0 500.0
-1500.0 3000.0 1000.0
-1500.0 3000.0 1500.0
-1500.0 3000.0 2000.0
-1500.0 3000.0 2500.0
-1500.0 3000.0 3000.0
-1000.0 -3000.0 -3000.0
-1000.0 -3000.0 -2500.0
-1000.0 -3000.0 -2000.0
-1000.0 -3000.0 -1500.0
-1000.0 -3000.0 -1000.0
-1000.0 -3000.0 -500.0
-1000.0 -3000.0 0.0
-1000.0 -3000.0 500.0
-1000.0 -3000.0 1000.0
-1000.0 -3000.0 1500.0
-1000.0 -3000.0 2000.0
-1000.0 -3000.0 2500.0
-1000.0 -3000.0 3000.0
-1000.0 -2500.0 -3000.0
-1000.0 -2500.0 -2500.0
-1000.0 -2500.0 -2000.0
-1000.0 -2500.0 -1500.0
-1000.0 -2500.0 -1000.0
-1000.0 -2500.0 -500.0
-1000.0 -2500.0 0.0
-1000.0 -2500.0 500.0
-1000.0 -2500.0 1000.0
-1000.0 -2500.0 1500.0
-1000.0 -2500.0 2000.0
-1000.0 -2500.0 2500.0
-1000.0 -2500.0 3000.0
-1000.0 -2000.0 -3000.0
-1000.0 -2000.0 -2500.0
-1000.0 -2000.0 -2000.0
-1000.0 -2000.0 -1500.0
-1000.0 -2000.0 -1000.0
-1000.0 -2000.0 -500.0
-1000.0 -2000.0 0.0
-1000.0 -2000.0 500.0
-1000.0 -2000.0 1000.0
-1000.0 -2000.0 1500.0
-1000.0 -2000.0 2000.0
-1000.0 -2000.0 2500.0
-1000.0 -2000.0 3000.0
-1000.0 -1500.0 -3000.0
-1000.0 -1500.0 -2500.0
-1000.0 -1500.0 -2000.0
-1000.0 -1500.0 -1500.0
-1000.0 -1500.0 -1000.0
-1000.0 -1500.0 -500.0
-1000.0 -1500.0 0.0
-1000.0 -1500.0 500.0
-1000.0 -1500.0 1000.0
-1000.0 -1500.0 1500.0
-1000.0 -1500.0 2000.0
-1000.0 -1500.0 2500.0
-1000.0 -1500.0 3000.0
-1000.0 -1000.0 -3000.0
-1000.0 -1000.0 -2500.0
-1000.0 -1000.0 -2000.0
-1000.0 -1000.0 -1500.0
-1000.0 -1000.0 -1000.0
-1000.0 -1000.0 -500.0
-1000.0 -1000.0 0.0
-1000.0 -1000.0 500.0
-1000.0 -1000.0 1000.0
-1000.0 -1000.0 1500.0
-1000.0 -1000.0 2000.0
-1000.0 -1000.0 2500.0
-1000.0 -1000.0 3000.0
-1000.0 -500.0 -3000.0
-1000.0 -500.0 -2500.0
-1000.0 -500.0 -2000.0
-1000.0 -500.0 -1500.0
-1000.0 -500.0 -1000.0
-1000.0 -500.0 -500.0
-1000.0 -500.0 0.0
-1000.0 -500.0 500.0
-1000.0 -500.0 1000.0
-1000.0 -500.0 1500.0
-1000.0 -500.0 2000.0
-1000.0 -500.0 2500.0
-1000.0 -500.0 3000.0
-1000.0 0.0 -3000.0
-1000.0 0.0 -2500.0
-1000.0 0.0 -2000.0
-1000.0 0.0 -1500.0
-1000.0 0.0 -1000.0
-1000.0 0.0 -500.0
-1000.0 0.0 0.0
-1000.0 0.0 500.0
-1000.0 0.0 1000.0
-1000.0 0.0 1500.0
-1000.0 0.0 2000.0
-1000.0 0.0 2500.0
-1000.0 0.0 3000.0
-1000.0 500.0 -3000.0
-1000.0 500.0 -2500.0
-1000.0 500.0 -2000.0
-1000.0 500.0 -1500.0
-1000.0 500.0 -1000.0
-1000.0 500.0 -500.0
-1000.0 500.0 0.0
-1000.0 500.0 500.0
-1000.0 500.0 1000.0
-1000.0 500.0 1500.0
-1000.0 500.0 2000.0
-1000.0 500.0 2500.0
-1000.0 500.0 3000.0
-1000.0 1000.0 -3000.0
-1000.0 1000.0 -2500.0
-1000.0 1000.0 -2000.0
-1000.0 1000.0 -1500.0
-1000.0 1000.0 -1000.0
-1000.0 1000.0 -500.0
-1000.0 1000.0 0.0
-1000.0 1000.0 500.0
-1000.0 1000.0 1000.0
-1000.0 1000.0 1500.0
-1000.0 1000.0 2000.0
-1000.0 1000.0 2500.0
-1000.0 1000.0 3000.0
-1000.0 1500.0 -3000.0
-1000.0 1500.0 -2500.0
-1000.0 1500.0 -2000.0
-1000.0 1500.0 -1500.0
-1000.0 1500.0 -1000.0
-1000.0 1500.0 -500.0
-1000.0 1500.0 0.0
-1000.0 1500.0 500.0
-1000.0 1500.0 1000.0
-1000.0 1500.0 1500.0
-1000.0 1500.0 2000.0
-1000.0 1500.0 2500.0
-1000.0 1500.0 3000.0
-1000.0 2000.0 -3000.0
-1000.0 2000.0 -2500.0
-1000.0 2000.0 -2000.0
-1000.0 2000.0 -1500.0
-1000.0 2000.0 -1000.0
-1000.0 2000.0 -500.0
-1000.0 2000.0 0.0
-1000.0 2000.0 500.0
-1000.0 2000.0 1000.0
-1000.0 2000.0 1500.0
-1000.0 2000.0 2000.0
-1000.0 2000.0 2500.0
-1000.0 2000.0 3000.0
-1000.0 2500.0 -3000.0
-1000.0 2500.0 -2500.0
-1000.0 2500.0 -2000.0
-1000.0 2500.0 -1500.0
-1000.0 2500.0 -1000.0
-1000.0 2500.0 -500.0
-1000.0 2500.0 0.0
-1000.0 2500.0 500.0
-1000.0 2500.0 1000.0
-1000.0 2500.0 1500.0
-1000.0 2500.0 2000.0
-1000.0 2500.0 2500.0
-1000.0 2500.0 3000.0
-1000.0 3000.0 -3000.0
-1000.0 3000.0 -2500.0
-1000.0 3000.0 -2000.0
-1000.0 3000.0 -1500.0
-1000.0 3000.0 -1000.0
-1000.0 3000.0 -500.0
-1000.0 3000.0 0.0
-1000.0 3000.0 500.0
-1000.0 3000.0 1000.0
-1000.0 3000.0 1500.0
-1000.0 3000.0 2000.0
-1000.0 3000.0 2500.0
-1000.0 3000.0 3000.0
-500.0 -3000.0 -3000.0
-500.0 -3000.0 -2500.0
-500.0 -3000.0 -2000.0
-500.0 -3000.0 -1500.0
-500.0 -3000.0 -1000.0
-500.0 -3000.0 -500.0
-500.0 -3000.0 0.0
-500.0 -3000.0 500.0
-500.0 -3000.0 1000.0
-500.0 -3000.0 1500.0
-500.0 -3000.0 2000.0
-500.0 -3000.0 2500.0
-500.0 -3000.0 3000.0
-500.0 -2500.0 -3000.0
-500.0 -2500.0 -2500.0
-500.0 -2500.0 -2000.0
-500.0 -2500.0 -1500.0
-500.0 -2500.0 -1000.0
-500.0 -2500.0 -500.0
-500.0 -2500.0 0.0
-500.0 -2500.0 500.0
-500.0 -2500.0 1000.0
-500.0 -2500.0 1500.0
-500.0 -2500.0 2000.0
-500.0 -2500.0 2500.0
-500.0 -2500.0 3000.0
-500.0 -2000.0 -3000.0
-500.0 -2000.0 -2500.0
-500.0 -2000.0 -2000.0
-500.0 -2000.0 -1500.0
-500.0 -2000.0 -1000.0
-500.0 -2000.0 -500.0
-500.0 -2000.0 0.0
-500.0 -2000.0 500.0
-500.0 -2000.0 1000.0
-500.0 -2000.0 1500.0
-500.0 -2000.0 2000.0
-500.0 -2000.0 2500.0
-500.0 -2000.0 3000.0
-500.0 -1500.0 -3000.0
-500.0 -1500.0 -2500.0
-500.0 -1500.0 -2000.0
-500.0 -1500.0 -1500.0
-500.0 -1500.0 -1000.0
-500.0 -1500.0 -500.0
-500.0 -1500.0 0.0
-500.0 -1500.0 500.0
-500.0 -1500.0 1000.0
-500.0 -1500.0 1500.0
-500.0 -1500.0 2000.0
-500.0 -1500.0 2500.0
-500.0 -1500.0 3000.0
-500.0 -1000.0 -3000.0
-500.0 -1000.0 -2500.0
-500.0 -1000.0 -2000.0
-500.0 -1000.0 -1500.0
-500.0 -1000.0 -1000.0
-500.0 -1000.0 -500.0
-500.0 -1000.0 0.0
-500.0 -1000.0 500.0
-500.0 -1000.0 1000.0
-500.0 -1000.0 1500.0
-500.0 -1000.0 2000.0
-500.0 -1000.0 2500.0
-500.0 -1000.0 3000.0
-500.0 -500.0 -3000.0
-500.0 -500.0 -2500.0
-500.0 -500.0 -2000.0
-500.0 -500.0 -1500.0
-500.0 -500.0 -1000.0
-500.0 -500.0 -500.0
-500.0 -500.0 0.0
-500.0 -500.0 500.0
-500.0 -500.0 1000.0
-500.0 -500.0 1500.0
-500.0 -500.0 2000.0
-500.0 -500.0 2500.0
-500.0 -500.0 3000.0
-500.0 0.0 -3000.0
-500.0 0.0 -2500.0
-500.0 0.0 -2000.0
-500.0 0.0 -1500.0
-500.0 0.0 -1000.0
-500.0 0.0 -500.0
-500.0 0.0 0.0
-500.0 0.0 500.0
-500.0 0.0 1000.0
-500.0 0.0 1500.0
-500.0 0.0 2000.0
-500.0 0.0 2500.0
-500.0 0.0 3000.0
-500.0 500.0 -3000.0
-500.0 500.0 -2500.0
-500.0 500.0 -2000.0
-500.0 500.0 -1500.0
-500.0 500.0 -1000.0
-500.0 500.0 -500.0
-500.0 500.0 0.0
-500.0 500.0 500.0
-500.0 500.0 1000.0
-500.0 500.0 1500.0
-500.0 500.0 2000.0
-500.0 500.0 2500.0
-500.0 500.0 3000.0
-500.0 1000.0 -3000.0
-500.0 1000.0 -2500.0
-500.0 1000.0 -2000.0
-500.0 1000.0 -1500.0
-500.0 1000.0 -1000.0
-500.0 1000.0 -500.0
-500.0 1000.0 0.0
-500.0 1000.0 500.0
-500.0 1000.0 1000.0
-500.0 1000.0 1500.0
-500.0 1000.0 2000.0
-500.0 1000.0 2500.0
-500.0 1000.0 3000.0
-500.0 1500.0 -3000.0
-500.0 1500.0 -2500.0
-500.0 1500.0 -2000.0
-500.0 1500.0 -1500.0
-500.0 1500.0 -1000.0
-500.0 1500.0 -500.0
-500.0 1500.0 0.0
-500.0 1500.0 500.0
-500.0 1500.0 1000.0
-500.0 1500.0 1500.0
-500.0 1500.0 2000.0
-500.0 1500.0 2500.0
-500.0 1500.0 3000.0
-500.0 2000.0 -3000.0
-500.0 2000.0 -2500.0
-500.0 2000.0 -2000.0
-500.0 2000.0 -1500.0
-500.0 2000.0 -1000.0
-500.0 2000.0 -500.0
-500.0 2000.0 0.0
-500.0 2000.0 500.0
-500.0 2000.0 1000.0
-500.0 2000.0 1500.0
-500.0 2000.0 2000.0
-500.0 2000.0 2500.0
-500.0 2000.0 3000.0
-500.0 2500.0 -3000.0
-500.0 2500.0 -2500.0
-500.0 2500.0 -2000.0
-500.0 2500.0 -1500.0
-500.0 2500.0 -1000.0
-500.0 2500.0 -500.0
-500.0 2500.0 0.0
-500.0 2500.0 500.0
-500.0 2500.0 1000.0
-500.0 2500.0 1500.0
-500.0 2500.0 2000.0
-500.0 2500.0 2500.0
-500.0 2500.0 3000.0
-500.0 3000.0 -3000.0
-500.0 3000.0 -2500.0
-500.0 3000.0 -2000.0
-500.0 3000.0 -1500.0
-500.0 3000.0 -1000.0
-500.0 3000.0 -500.0
-500.0 3000.0 0.0
-500.0 3000.0 500.0
-500.0 3000.0 1000.0
-500.0 3000.0 1500.0
-500.0 3000.0 2000.0
-500.0 3000.0 2500.0
-500.0 3000.0 3000.0
0.0 -3000.0 -3000.0
0.0 -3000.0 -2500.0
0.0 -3000.0 -2000.0
0.0 -3000.0 -1500.0
0.0 -3000.0 -1000.0
0.0 -3000.0 -500.0
0.0 -3000.0 0.0
0.0 -3000.0 500.0
0.0 -3000.0 1000.0
0.0 -3000.0 1500.0
0.0 -3000.0 2000.0
0.0 -3000.0 2500.0
0.0 -3000.0 3000.0
0.0 -2500.0 -3000.0
0.0 -2500.0 -2500.0
0.0 -2500.0 -2000.0
0.0 -2500.0 -1500.0
0.0 -2500.0 -1000.0
0.0 -2500.0 -500.0
0.0 -2500.0 0.0
0.0 -2500.0 500.0
0.0 -2500.0 1000.0
0.0 -2500.0 1500.0
0.0 -2500.0 2000.0
0.0 -2500.0 2500.0
0.0 -2500.0 3000.0
0.0 -2000.0 -3000.0
0.0 -2000.0 -2500.0
0.0 -2000.0 -2000.0
0.0 -2000.0 -1500.0
0.0 -2000.0 -1000.0
0.0 -2000.0 -500.0
0.0 -2000.0 0.0
0.0 -2000.0 500.0
0.0 -2000.0 1000.0
0.0 -2000.0 1500.0
0.0 -2000.0 2000.0
0.0 -2000.0 2500.0
0.0 -2000.0 3000.0
0.0 -1500.0 -3000.0
0.0 -1500.0 -2500.0
0.0 -1500.0 -2000.0
0.0 -1500.0 -1500.0
0.0 -1500.0 -1000.0
0.0 -1500.0 -500.0
0.0 -1500.0 0.0
0.0 -1500.0 500.0
0.0 -1500.0 1000.0
0.0 -1500.0 1500.0
0.0 -1500.0 2000.0
0.0 -1500.0 2500.0
0.0 -1500.0 3000.0
0.0 -1000.0 -3000.0
0.0 -1000.0 -2500.0
0.0 -1000.0 -2000.0
0.0 -1000.0 -1500.0
0.0 -1000.0 -1000.0
0.0 -1000.0 -500.0
0.0 -1000.0 0.0
0.0 -1000.0 500.0
0.0 -1000.0 1000.0
0.0 -1000.0 1500.0
0.0 -1000.0 2000.0
0.0 -1000.0 2500.0
0.0 -1000.0 3000.0
0.0 -500.0 -3000.0
0.0 -500.0 -2500.0
0.0 -500.0 -2000.0
0.0 -500.0 -1500.0
0.0 -500.0 -1000.0
0.0 -500.0 -500.0
0.0 -500.0 0.0
0.0 -500.0 500.0
0.0 -500.0 1000.0
0.0 -500.0 1500.0
0.0 -500.0 2000.0
0.0 -500.0 2500.0
0.0 -500.0 3000.0
0.0 0.0 -3000.0
0.0 0.0 -2500.0
0.0 0.0 -2000.0
0.0 0.0 -1500.0
0.0 0.0 -1000.0
0.0 0.0 -500.0
0.0 0.0 0.0
0.0 0.0 500.0
0.0 0.0 1000.0
0.0 0.0 1500.0
0.0 0.0 2000.0
0.0 0.0 2500.0
0.0 0.0 3000.0
0.0 500.0 -3000.0
0.0 500.0 -2500.0
0.0 500.0 -2000.0
0.0 500.0 -1500.0
0.0 500.0 -1000.0
0.0 500.0 -500.0
0.0 500.0 0.0
0.0 500.0 500.0
0.0 500.0 1000.0
0.0 500.0 1500.0
0.0 500.0 2000.0
0.0 500.0 2500.0
0.0 500.0 3000.0
0.0 1000.0 -3000.0
0.0 1000.0 -2500.0
0.0 1000.0 -2000.0
0.0 1000.0 -1500.0
0.0 1000.0 -1000.0
0.0 1000.0 -500.0
0.0 1000.0 0.0
0.0 1000.0 500.0
0.0 1000.0 1000.0
0.0 1000.0 1500.0
0.0 1000.0 2000.0
0.0 1000.0 2500.0
0.0 1000.0 3000.0
0.0 1500.0 -3000.0
0.0 1500.0 -2500.0
0.0 1500.0 -2000.0
0.0 1500.0 -1500.0
0.0 1500.0 -1000.0
0.0 1500.0 -500.0
0.0 1500.0 0.0
0.0 1500.0 500.0
0.0 1500.0 1000.0
0.0 1500.0 1500.0
0.0 1500.0 2000.0
0.0 1500.0 2500.0
0.0 1500.0 3000.0
0.0 2000.0 -3000.0
0.0 2000.0 -2500.0
0.0 2000.0 -2000.0
0.0 2000.0 -1500.0
0.0 2000.0 -1000.0
0.0 2000.0 -500.0
0.0 2000.0 0.0
0.0 2000.0 500.0
0.0 2000.0 1000.0
0.0 2000.0 1500.0
0.0 2000.0 2000.0
0.0 2000.0 2500.0
0.0 2000.0 3000.0
0.0 2500.0 -3000.0
0.0 2500.0 -2500.0
0.0 2500.0 -2000.0
0.0 2500.0 -1500.0
0.0 2500.0 -1000.0
0.0 2500.0 -500.0
0.0 2500.0 0.0
0.0 2500.0 500.0
0.0 2500.0 1000.0
0.0 2500.0 1500.0
0.0 2500.0 2000.0
0.0 2500.0 2500.0
0.0 2500.0 3000.0
0.0 3000.0 -3000.0
0.0 3000.0 -2500.0
0.0 3000.0 -2000.0
0.0 3000.0 -1500.0
0.0 3000.0 -1000.0
0.0 3000.0 -500.0
0.0 3000.0 0.0
0.0 3000.0 500.0
0.0 3000.0 1000.0
0.0 3000.0 1500.0
0.0 3000.0 2000.0
0.0 3000.0 2500.0
0.0 3000.0 3000.0
500.0 -3000.0 -3000.0
500.0 -3000.0 -2500.0
500.0 -3000.0 -2000.0
500.0 -3000.0 -1500.0
500.0 -3000.0 -1000.0
500.0 -3000.0 -500.0
500.0 -3000.0 0.0
500.0 -3000.0 500.0
500.0 -3000.0 1000.0
500.0 -3000.0 1500.0
500.0 -3000.0 2000.0
500.0 -3000.0 2500.0
500.0 -3000.0 3000.0
500.0 -2500.0 -3000.0
500.0 -2500.0 -2500.0
500.0 -2500.0 -2000.0
500.0 -2500.0 -1500.0
500.0 -2500.0 -1000.0
500.0 -2500.0 -500.0
500.0 -2500.0 0.0
500.0 -2500.0 500.0
500.0 -2500.0 1000.0
500.0 -2500.0 1500.0
500.0 -2500.0 2000.0
500.0 -2500.0 2500.0
500.0 -2500.0 3000.0
500.0 -2000.0 -3000.0
500.0 -2000.0 -2500.0
500.0 -2000.0 -2000.0
500.0 -2000.0 -1500.0
500.0 -2000.0 -1000.0
500.0 -2000.0 -500.0
500.0 -2000.0 0.0
500.0 -2000.0 500.0
500.0 -2000.0 1000.0
500.0 -2000.0 1500.0
500.0 -2000.0 2000.0
500.0 -2000.0 2500.0
500.0 -2000.0 3000.0
500.0 -1500.0 -3000.0
500.0 -1500.0 -2500.0
500.0 -1500.0 -2000.0
500.0 -1500.0 -1500.0
500.0 -1500.0 -1000.0
500.0 -1500.0 -500.0
500.0 -1500.0 0.0
500.0 -1500.0 500.0
500.0 -1500.0 1000.0
500.0 -1500.0 1500.0
500.0 -1500.0 2000.0
500.0 -1500.0 2500.0
500.0 -1500.0 3000.0
500.0 -1000.0 -3000.0
500.0 -1000.0 -2500.0
500.0 -1000.0 -2000.0
500.0 -1000.0 -1500.0
500.0 -1000.0 -1000.0
500.0 -1000.0 -500.0
500.0 -1000.0 0.0
500.0 -1000.0 500.0
500.0 -1000.0 1000.0
500.0 -1000.0 1500.0
500.0 -1000.0 2000.0
500.0 -1000.0 2500.0
500.0 -1000.0 3000.0
500.0 -500.0 -3000.0
500.0 -500.0 -2500.0
500.0 -500.0 -2000.0
500.0 -500.0 -1500.0
500.0 -500.0 -1000.0
500.0 -500.0 -500.0
500.0 -500.0 0.0
500.0 -500.0 500.0
500.0 -500.0 1000.0
500.0 -500.0 1500.0
500.0 -500.0 2000.0
500.0 -500.0 2500.0
500.0 -500.0 3000.0
500.0 0.0 -3000.0
500.0 0.0 -2500.0
500.0 0.0 -2000.0
500.0 0.0 -1500.0
500.0 0.0 -1000.0
500.0 0.0 -500.0
500.0 0.0 0.0
500.0 0.0 500.0
500.0 0.0 1000.0
500.0 0.0 1500.0
500.0 0.0 2000.0
500.0 0.0 2500.0
500.0 0.0 3000.0
500.0 500.0 -3000.0
500.0 500.0 -2500.0
500.0 500.0 -2000.0
500.0 500.0 -1500.0
500.0 500.0 -1000.0
500.0 500.0 -500.0
500.0 500.0 0.0
500.0 500.0 500.0
500.0 500.0 1000.0
500.0 500.0 1500.0
500.0 500.0 2000.0
500.0 500.0 2500.0
500.0 500.0 3000.0
500.0 1000.0 -3000.0
500.0 1000.0 -2500.0
500.0 1000.0 -2000.0
500.0 1000.0 -1500.0
500.0 1000.0 -1000.0
500.0 1000.0 -500.0
500.0 1000.0 0.0
500.0 1000.0 500.0
500.0 1000.0 1000.0
500.0 1000.0 1500.0
500.0 1000.0 2000.0
500.0 1000.0 2500.0
500.0 1000.0 3000.0
500.0 1500.0 -3000.0
500.0 1500.0 -2500.0
500.0 1500.0 -2000.0
500.0 1500.0 -1500.0
500.0 1500.0 -1000.0
500.0 1500.0 -500.0
500.0 1500.0 0.0
500.0 1500.0 500.0
500.0 1500.0 1000.0
500.0 1500.0 1500.0
500.0 1500.0 2000.0
500.0 1500.0 2500.0
500.0 1500.0 3000.0
500.0 2000.0 -3000.0
500.0 2000.0 -2500.0
500.0 2000.0 -2000.0
500.0 2000.0 -1500.0
500.0 2000.0 -1000.0
500.0 2000.0 -500.0
500.0 2000.0 0.0
500.0 2000.0 500.0
500.0 2000.0 1000.0
500.0 2000.0 1500.0
500.0 2000.0 2000.0
500.0 2000.0 2500.0
500.0 2000.0 3000.0
500.0 2500.0 -3000.0
500.0 2500.0 -2500.0
500.0 2500.0 -2000.0
500.0 2500.0 -1500.0
500.0 2500.0 -1000.0
500.0 2500.0 -500.0
500.0 2500.0 0.0
500.0 2500.0 500.0
500.0 2500.0 1000.0
500.0 2500.0 1500.0
500.0 2500.0 2000.0
500.0 2500.0 2500.0
500.0 2500.0 3000.0
500.0 3000.0 -3000.0
500.0 3000.0 -2500.0
500.0 3000.0 -2000.0
500.0 3000.0 -1500.0
500.0 3000.0 -1000.0
500.0 3000.0 -500.0
500.0 3000.0 0.0
500.0 3000.0 500.0
500.0 3000.0 1000.0
500.0 3000.0 1500.0
500.0 3000.0 2000.0
500.0 3000.0 2500.0
500.0 3000.0 3000.0
1000.0 -3000.0 -3000.0
1000.0 -3000.0 -2500.0
1000.0 -3000.0 -2000.0
1000.0 -3000.0 -1500.0
1000.0 -3000.0 -1000.0
1000.0 -3000.0 -500.0
1000.0 -3000.0 0.0
1000.0 -3000.0 500.0
1000.0 -3000.0 1000.0
1000.0 -3000.0 1500.0
1000.0 -3000.0 2000.0
1000.0 -3000.0 2500.0
1000.0 -3000.0 3000.0
1000.0 -2500.0 -3000.0
1000.0 -2500.0 -2500.0
1000.0 -2500.0 -2000.0
1000.0 -2500.0 -1500.0
1000.0 -2500.0 -1000.0
1000.0 -2500.0 -500.0
1000.0 -2500.0 0.0
1000.0 -2500.0 500.0
1000.0 -2500.0 1000.0
1000.0 -2500.0 1500.0
1000.0 -2500.0 2000.0
1000.0 -2500.0 2500.0
1000.0 -2500.0 3000.0
1000.0 -2000.0 -3000.0
1000.0 -2000.0 -2500.0
1000.0 -2000.0 -2000.0
1000.0 -2000.0 -1500.0
1000.0 -2000.0 -1000.0
1000.0 -2000.0 -500.0
1000.0 -2000.0 0.0
1000.0 -2000.0 500.0
1000.0 -2000.0 1000.0
1000.0 -2000.0 1500.0
1000.0 -2000.0 2000.0
1000.0 -2000.0 2500.0
1000.0 -2000.0 3000.0
1000.0 -1500.0 -3000.0
1000.0 -1500.0 -2500.0
1000.0 -1500.0 -2000.0
1000.0 -1500.0 -1500.0
1000.0 -1500.0 -1000.0
1000.0 -1500.0 -500.0
1000.0 -1500.0 0.0
1000.0 -1500.0 500.0
1000.0 -1500.0 1000.0
1000.0 -1500.0 1500.0
1000.0 -1500.0 2000.0
1000.0 -1500.0 2500.0
1000.0 -1500.0 3000.0
1000.0 -1000.0 -3000.0
1000.0 -1000.0 -2500.0
1000.0 -1000.0 -2000.0
1000.0 -1000.0 -1500.0
1000.0 -1000.0 -1000.0
1000.0 -1000.0 -500.0
1000.0 -1000.0 0.0
1000.0 -1000.0 500.0
1000.0 -1000.0 1000.0
1000.0 -1000.0 1500.0
1000.0 -1000.0 2000.0
1000.0 -1000.0 2500.0
1000.0 -1000.0 3000.0
1000.0 -500.0 -3000.0
1000.0 -500.0 -2500.0
1000.0 -500.0 -2000.0
1000.0 -500.0 -1500.0
1000.0 -500.0 -1000.0
1000.0 -500.0 -500.0
1000.0 -500.0 0.0
1000.0 -500.0 500.0
1000.0 -500.0 1000.0
1000.0 -500.0 1500.0
1000.0 -500.0 2000.0
1000.0 -500.0 2500.0
1000.0 -500.0 3000.0
1000.0 0.0 -3000.0
1000.0 0.0 -2500.0
1000.0 0.0 -2000.0
1000.0 0.0 -1500.0
1000.0 0.0 -1000.0
1000.0 0.0 -500.0
1000.0 0.0 0.0
1000.0 0.0 500.0
1000.0 0.0 1000.0
1000.0 0.0 1500.0
1000.0 0.0 2000.0
1000.0 0.0 2500.0
1000.0 0.0 3000.0
1000.0 500.0 -3000.0
1000.0 500.0 -2500.0
1000.0 500.0 -2000.0
1000.0 500.0 -1500.0
1000.0 500.0 -1000.0
1000.0 500.0 -500.0
1000.0 500.0 0.0
1000.0 500.0 500.0
1000.0 500.0 1000.0
1000.0 500.0 1500.0
1000.0 500.0 2000.0
1000.0 500.0 2500.0
1000.0 500.0 3000.0
1000.0 1000.0 -3000.0
1000.0 1000.0 -2500.0
1000.0 1000.0 -2000.0
1000.0 1000.0 -1500.0
1000.0 1000.0 -1000.0
1000.0 1000.0 -500.0
1000.0 1000.0 0.0
1000.0 1000.0 500.0
1000.0 1000.0 1000.0
1000.0 1000.0 1500.0
1000.0 1000.0 2000.0
1000.0 1000.0 2500.0
1000.0 1000.0 3000.0
1000.0 1500.0 -3000.0
1000.0 1500.0 -2500.0
1000.0 1500.0 -2000.0
1000.0 1500.0 -1500.0
1000.0 1500.0 -1000.0
1000.0 1500.0 -500.0
1000.0 1500.0 0.0
1000.0 1500.0 500.0
1000.0 1500.0 1000.0
1000.0 1500.0 1500.0
1000.0 1500.0 2000.0
1000.0 1500.0 2500.0
1000.0 1500.0 3000.0
1000.0 2000.0 -3000.0
1000.0 2000.0 -2500.0
1000.0 2000.0 -2000.0
1000.0 2000.0 -1500.0
1000.0 2000.0 -1000.0
1000.0 2000.0 -500.0
1000.0 2000.0 0.0
1000.0 2000.0 500.0
1000.0 2000.0 1000.0
1000.0 2000.0 1500.0
1000.0 2000.0 2000.0
1000.0 2000.0 2500.0
1000.0 2000.0 3000.0
1000.0 2500.0 -3000.0
1000.0 2500.0 -2500.0
1000.0 2500.0 -2000.0
1000.0 2500.0 -1500.0
1000.0 2500.0 -1000.0
1000.0 2500.0 -500.0
1000.0 2500.0 0.0
1000.0 2500.0 500.0
1000.0 2500.0 1000.0
1000.0 2500.0 1500.0
1000.0 2500.0 2000.0
1000.0 2500.0 2500.0
1000.0 2500.0 3000.0
1000.0 3000.0 -3000.0
1000.0 3000.0 -2500.0
1000.0 3000.0 -2000.0
1000.0 3000.0 -1500.0
1000.0 3000.0 -1000.0
1000.0 3000.0 -500.0
1000.0 3000.0 0.0
1000.0 3000.0 500.0
1000.0 3000.0 1000.0
1000.0 3000.0 1500.0
1000.0 3000.0 2000.0
1000.0 3000.0 2500.0
1000.0 3000.0 3000.0
1500.0 -3000.0 -3000.0
1500.0 -3000.0 -2500.0
1500.0 -3000.0 -2000.0
1500.0 -3000.0 -1500.0
1500.0 -3000.0 -1000.0
1500.0 -3000.0 -500.0
1500.0 -3000.0 0.0
1500.0 -3000.0 500.0
1500.0 -3000.0 1000.0
1500.0 -3000.0 1500.0
1500.0 -3000.0 2000.0
1500.0 -3000.0 2500.0
1500.0 -3000.0 3000.0
1500.0 -2500.0 -3000.0
1500.0 -2500.0 -2500.0
1500.0 -2500.0 -2000.0
1500.0 -2500.0 -1500.0
1500.0 -2500.0 -1000.0
1500.0 -2500.0 -500.0
1500.0 -2500.0 0.0
1500.0 -2500.0 500.0
1500.0 -2500.0 1000.0
1500.0 -2500.0 1500.0
1500.0 -2500.0 2000.0
1500.0 -2500.0 2500.0
1500.0 -2500.0 3000.0
1500.0 -2000.0 -3000.0
1500.0 -2000.0 -2500.0
1500.0 -2000.0 -2000.0
1500.0 -2000.0 -1500.0
1500.0 -2000.0 -1000.0
1500.0 -2000.0 -500.0
1500.0 -2000.0 0.0
1500.0 -2000.0 500.0
1500.0 -2000.0 1000.0
1500.0 -2000.0 1500.0
1500.0 -2000.0 2000.0
1500.0 -2000.0 2500.0
1500.0 -2000.0 3000.0
1500.0 -1500.0 -3000.0
1500.0 -1500.0 -2500.0
1500.0 -1500.0 -2000.0
1500.0 -1500.0 -1500.0
1500.0 -1500.0 -1000.0
1500.0 -1500.0 -500.0
1500.0 -1500.0 0.0
1500.0 -1500.0 500.0
1500.0 -1500.0 1000.0
1500.0 -1500.0 1500.0
1500.0 -1500.0 2000.0
1500.0 -1500.0 2500.0
1500.0 -1500.0 3000.0
1500.0 -1000.0 -3000.0
1500.0 -1000.0 -2500.0
1500.0 -1000.0 -2000.0
1500.0 -1000.0 -1500.0
1500.0 -1000.0 -1000.0
1500.0 -1000.0 -500.0
1500.0 -1000.0 0.0
1500.0 -1000.0 500.0
1500.0 -1000.0 1000.0
1500.0 -1000.0 1500.0
1500.0 -1000.0 2000.0
1500.0 -1000.0 2500.0
1500.0 -1000.0 3000.0
1500.0 -500.0 -3000.0
1500.0 -500.0 -2500.0
1500.0 -500.0 -2000.0
1500.0 -500.0 -1500.0
1500.0 -500.0 -1000.0
1500.0 -500.0 -500.0
1500.0 -500.0 0.0
1500.0 -500.0 500.0
1500.0 -500.0 1000.0
1500.0 -500.0 1500.0
1500.0 -500.0 2000.0
1500.0 -500.0 2500.0
1500.0 -500.0 3000.0
1500.0 0.0 -3000.0
1500.0 0.0 -2500.0
1500.0 0.0 -2000.0
1500.0 0.0 -1500.0
1500.0 0.0 -1000.0
1500.0 0.0 -500.0
1500.0 0.0 0.0
1500.0 0.0 500.0
1500.0 0.0 1000.0
1500.0 0.0 1500.0
1500.0 0.0 2000.0
1500.0 0.0 2500.0
1500.0 0.0 3000.0
1500.0 500.0 -3000.0
1500.0 500.0 -2500.0
1500.0 500.0 -2000.0
1500.0 500.0 -1500.0
1500.0 500.0 -1000.0
1500.0 500.0 -500.0
1500.0 500.0 0.0
1500.0 500.0 500.0
1500.0 500.0 1000.0
1500.0 500.0 1500.0
1500.0 500.0 2000.0
1500.0 500.0 2500.0
1500.0 500.0 3000.0
1500.0 1000.0 -3000.0
1500.0 1000.0 -2500.0
1500.0 1000.0 -2000.0
1500.0 1000.0 -1500.0
1500.0 1000.0 -1000.0
1500.0 1000.0 -500.0
1500.0 1000.0 0.0
1500.0 1000.0 500.0
1500.0 1000.0 1000.0
1500.0 1000.0 1500.0
1500.0 1000.0 2000.0
1500.0 1000.0 2500.0
1500.0 1000.0 3000.0
1500.0 1500.0 -3000.0
1500.0 1500.0 -2500.0
1500.0 1500.0 -2000.0
1500.0 1500.0 -1500.0
1500.0 1500.0 -1000.0
1500.0 1500.0 -500.0
1500.0 1500.0 0.0
1500.0 1500.0 500.0
1500.0 1500.0 1000.0
1500.0 1500.0 1500.0
1500.0 1500.0 2000.0
1500.0 1500.0 2500.0
1500.0 1500.0 3000.0
1500.0 2000.0 -3000.0
1500.0 2000.0 -2500.0
1500.0 2000.0 -2000.0
1500.0 2000.0 -1500.0
1500.0 2000.0 -1000.0
1500.0 2000.0 -500.0
1500.0 2000.0 0.0
1500.0 2000.0 500.0
1500.0 2000.0 1000.0
1500.0 2000.0 1500.0
1500.0 2000.0 2000.0
1500.0 2000.0 2500.0
1500.0 2000.0 3000.0
1500.0 2500.0 -3000.0
1500.0 2500.0 -2500.0
1500.0 2500.0 -2000.0
1500.0 2500.0 -1500.0
1500.0 2500.0 -1000.0
1500.0 2500.0 -500.0
1500.0 2500.0 0.0
1500.0 2500.0 500.0
1500.0 2500.0 1000.0
1500.0 2500.0 1500.0
1500.0 2500.0 2000.0
1500.0 2500.0 2500.0
1500.0 2500.0 3000.0
1500.0 3000.0 -3000.0
1500.0 3000.0 -2500.0
1500.0 3000.0 -2000.0
1500.0 3000.0 -1500.0
1500.0 3000.0 -1000.0
1500.0 3000.0 -500.0
1500.0 3000.0 0.0
1500.0 3000.0 500.0
1500.0 3000.0 1000.0
1500.0 3000.0 1500.0
1500.0 3000.0 2000.0
1500.0 3000.0 2500.0
1500.0 3000.0 3000.0
2000.0 -3000.0 -3000.0
2000.0 -3000.0 -2500.0
2000.0 -3000.0 -2000.0
2000.0 -3000.0 -1500.0
2000.0 -3000.0 -1000.0
2000.0 -3000.0 -500.0
2000.0 -3000.0 0.0
2000.0 -3000.0 500.0
2000.0 -3000.0 1000.0
2000.0 -3000.0 1500.0
2000.0 -3000.0 2000.0
2000.0 -3000.0 2500.0
2000.0 -3000.0 3000.0
2000.0 -2500.0 -3000.0
2000.0 -2500.0 -2500.0
2000.0 -2500.0 -2000.0
2000.0 -2500.0 -1500.0
2000.0 -2500.0 -1000.0
2000.0 -2500.0 -500.0
2000.0 -2500.0 0.0
2000.0 -2500.0 500.0
2000.0 -2500.0 1000.0
2000.0 -2500.0 1500.0
2000.0 -2500.0 2000.0
2000.0 -2500.0 2500.0
2000.0 -2500.0 3000.0
2000.0 -2000.0 -3000.0
2000.0 -2000.0 -2500.0
2000.0 -2000.0 -2000.0
2000.0 -2000.0 -1500.0
2000.0 -2000.0 -1000.0
2000.0 -2000.0 -500.0
2000.0 -2000.0 0.0
2000.0 -2000.0 500.0
2000.0 -2000.0 1000.0
2000.0 -2000.0 1500.0
2000.0 -2000.0 2000.0
2000.0 -2000.0 2500.0
2000.0 -2000.0 3000.0
2000.0 -1500.0 -3000.0
2000.0 -1500.0 -2500.0
2000.0 -1500.0 -2000.0
2000.0 -1500.0 -1500.0
2000.0 -1500.0 -1000.0
2000.0 -1500.0 -500.0
2000.0 -1500.0 0.0
2000.0 -1500.0 500.0
2000.0 -1500.0 1000.0
2000.0 -1500.0 1500.0
2000.0 -1500.0 2000.0
2000.0 -1500.0 2500.0
2000.0 -1500.0 3000.0
2000.0 -1000.0 -3000.0
2000.0 -1000.0 -2500.0
2000.0 -1000.0 -2000.0
2000.0 -1000.0 -1500.0
2000.0 -1000.0 -1000.0
2000.0 -1000.0 -500.0
2000.0 -1000.0 0.0
2000.0 -1000.0 500.0
2000.0 -1000.0 1000.0
2000.0 -1000.0 1500.0
2000.0 -1000.0 2000.0
2000.0 -1000.0 2500.0
2000.0 -1000.0 3000.0
2000.0 -500.0 -3000.0
2000.0 -500.0 -2500.0
2000.0 -500.0 -2000.0
2000.0 -500.0 -1500.0
2000.0 -500.0 -1000.0
2000.0 -500.0 -500.0
2000.0 -500.0 0.0
2000.0 -500.0 500.0
2000.0 -500.0 1000.0
2000.0 -500.0 1500.0
2000.0 -500.0 2000.0
2000.0 -500.0 2500.0
2000.0 -500.0 3000.0
2000.0 0.0 -3000.0
2000.0 0.0 -2500.0
2000.0 0.0 -2000.0
2000.0 0.0 -1500.0
2000.0 0.0 -1000.0
2000.0 0.0 -500.0
2000.0 0.0 0.0
2000.0 0.0 500.0
2000.0 0.0 1000.0
2000.0 0.0 1500.0
2000.0 0.0 2000.0
2000.0 0.0 2500.0
2000.0 0.0 3000.0
2000.0 500.0 -3000.0
2000.0 500.0 -2500.0
2000.0 500.0 -2000.0
2000.0 500.0 -1500.0
2000.0 500.0 -1000.0
2000.0 500.0 -500.0
2000.0 500.0 0.0
2000.0 500.0 500.0
2000.0 500.0 1000.0
2000.0 500.0 1500.0
2000.0 500.0 2000.0
2000.0 500.0 2500.0
2000.0 500.0 3000.0
2000.0 1000.0 -3000.0
2000.0 1000.0 -2500.0
2000.0 1000.0 -2000.0
2000.0 1000.0 -1500.0
2000.0 1000.0 -1000.0
2000.0 1000.0 -500.0
2000.0 1000.0 0.0
2000.0 1000.0 500.0
2000.0 1000.0 1000.0
2000.0 1000.0 1500.0
2000.0 1000.0 2000.0
2000.0 1000.0 2500.0
2000.0 1000.0 3000.0
2000.0 1500.0 -3000.0
2000.0 1500.0 -2500.0
2000.0 1500.0 -2000.0
2000.0 1500.0 -1500.0
2000.0 1500.0 -1000.0
2000.0 1500.0 -500.0
2000.0 1500.0 0.0
2000.0 1500.0 500.0
2000.0 1500.0 1000.0
2000.0 1500.0 1500.0
2000.0 1500.0 2000.0
2000.0 1500.0 2500.0
2000.0 1500.0 3000.0
2000.0 2000.0 -3000.0
2000.0 2000.0 -2500.0
2000.0 2000.0 -2000.0
2000.0 2000.0 -1500.0
2000.0 2000.0 -1000.0
2000.0 2000.0 -500.0
2000.0 2000.0 0.0
2000.0 2000.0 500.0
2000.0 2000.0 1000.0
2000.0 2000.0 1500.0
2000.0 2000.0 2000.0
2000.0 2000.0 2500.0
2000.0 2000.0 3000.0
2000.0 2500.0 -3000.0
2000.0 2500.0 -2500.0
2000.0 2500.0 -2000.0
2000.0 2500.0 -1500.0
2000.0 2500.0 -1000.0
2000.0 2500.0 -500.0
2000.0 2500.0 0.0
2000.0 2500.0 500.0
2000.0 2500.0 1000.0
2000.0 2500.0 1500.0
2000.0 2500.0 2000.0
2000.0 2500.0 2500.0
2000.0 2500.0 3000.0
2000.0 3000.0 -3000.0
2000.0 3000.0 -2500.0
2000.0 3000.0 -2000.0
2000.0 3000.0 -1500.0
2000.0 3000.0 -1000.0
2000.0 3000.0 -500.0
2000.0 3000.0 0.0
2000.0 3000.0 500.0
2000.0 3000.0 1000.0
2000.0 3000.0 1500.0
2000.0 3000.0 2000.0
2000.0 3000.0 2500.0
2000.0 3000.0 3000.0
2500.0 -3000.0 -3000.0
2500.0 -3000.0 -2500.0
2500.0 -3000.0 -2000.0
2500.0 -3000.0 -1500.0
2500.0 -3000.0 -1000.0
2500.0 -3000.0 -500.0
2500.0 -3000.0 0.0
2500.0 -3000.0 500.0
2500.0 -3000.0 1000.0
2500.0 -3000.0 1500.0
2500.0 -3000.0 2000.0
2500.0 -3000.0 2500.0
2500.0 -3000.0 3000.0
2500.0 -2500.0 -3000.0
2500.0 -2500.0 -2500.0
2500.0 -2500.0 -2000.0
2500.0 -2500.0 -1500.0
2500.0 -2500.0 -1000.0
2500.0 -2500.0 -500.0
2500.0 -2500.0 0.0
2500.0 -2500.0 500.0
2500.0 -2500.0 1000.0
2500.0 -2500.0 1500.0
2500.0 -2500.0 2000.0
2500.0 -2500.0 2500.0
2500.0 -2500.0 3000.0
2500.0 -2000.0 -3000.0
2500.0 -2000.0 -2500.0
2500.0 -2000.0 -2000.0
2500.0 -2000.0 -1500.0
2500.0 -2000.0 -1000.0
2500.0 -2000.0 -500.0
2500.0 -2000.0 0.0
2500.0 -2000.0 500.0
2500.0 -2000.0 1000.0
2500.0 -2000.0 1500.0
2500.0 -2000.0 2000.0
2500.0 -2000.0 2500.0
2500.0 -2000.0 3000.0
2500.0 -1500.0 -3000.0
2500.0 -1500.0 -2500.0
2500.0 -1500.0 -2000.0
2500.0 -1500.0 -1500.0
2500.0 -1500.0 -1000.0
2500.0 -1500.0 -500.0
2500.0 -1500.0 0.0
2500.0 -1500.0 500.0
2500.0 -1500.0 1000.0
2500.0 -1500.0 1500.0
2500.0 -1500.0 2000.0
2500.0 -1500.0 2500.0
2500.0 -1500.0 3000.0
2500.0 -1000.0 -3000.0
2500.0 -1000.0 -2500.0
2500.0 -1000.0 -2000.0
2500.0 -1000.0 -1500.0
2500.0 -1000.0 -1000.0
2500.0 -1000.0 -500.0
2500.0 -1000.0 0.0
2500.0 -1000.0 500.0
2500.0 -1000.0 1000.0
2500.0 -1000.0 1500.0
2500.0 -1000.0 2000.0
2500.0 -1000.0 2500.0
2500.0 -1000.0 3000.0
2500.0 -500.0 -3000.0
2500.0 -500.0 -2500.0
2500.0 -500.0 -2000.0
2500.0 -500.0 -1500.0
2500.0 -500.0 -1000.0
2500.0 -500.0 -500.0
2500.0 -500.0 0.0
2500.0 -500.0 500.0
2500.0 -500.0 1000.0
2500.0 -500.0 1500.0
2500.0 -500.0 2000.0
2500.0 -500.0 2500.0
2500.0 -500.0 3000.0
2500.0 0.0 -3000.0
2500.0 0.0 -2500.0
2500.0 0.0 -2000.0
2500.0 0.0 -1500.0
2500.0 0.0 -1000.0
2500.0 0.0 -500.0
2500.0 0.0 0.0
2500.0 0.0 500.0
2500.0 0.0 1000.0
2500.0 0.0 1500.0
2500.0 0.0 2000.0
2500.0 0.0 2500.0
2500.0 0.0 3000.0
2500.0 500.0 -3000.0
2500.0 500.0 -2500.0
2500.0 500.0 -2000.0
2500.0 500.0 -1500.0
2500.0 500.0 -1000.0
2500.0 500.0 -500.0
2500.0 500.0 0.0
2500.0 500.0 500.0
2500.0 500.0 1000.0
2500.0 500.0 1500.0
2500.0 500.0 2000.0
2500.0 500.0 2500.0
2500.0 500.0 3000.0
2500.0 1000.0 -3000.0
2500.0 1000.0 -2500.0
2500.0 1000.0 -2000.0
2500.0 1000.0 -1500.0
2500.0 1000.0 -1000.0
2500.0 1000.0 -500.0
2500.0 1000.0 0.0
2500.0 1000.0 500.0
2500.0 1000.0 1000.0
2500.0 1000.0 1500.0
2500.0 1000.0 2000.0
2500.0 1000.0 2500.0
2500.0 1000.0 3000.0
2500.0 1500.0 -3000.0
2500.0 1500.0 -2500.0
2500.0 1500.0 -2000.0
2500.0 1500.0 -1500.0
2500.0 1500.0 -1000.0
2500.0 1500.0 -500.0
2500.0 1500.0 0.0
2500.0 1500.0 500.0
2500.0 1500.0 1000.0
2500.0 1500.0 1500.0
2500.0 1500.0 2000.0
2500.0 1500.0 2500.0
2500.0 1500.0 3000.0
2500.0 2000.0 -3000.0
2500.0 2000.0 -2500.0
2500.0 2000.0 -2000.0
2500.0 2000.0 -1500.0
2500.0 2000.0 -1000.0
2500.0 2000.0 -500.0
2500.0 2000.0 0.0
2500.0 2000.0 500.0
2500.0 2000.0 1000.0
2500.0 2000.0 1500.0
2500.0 2000.0 2000.0
2500.0 2000.0 2500.0
2500.0 2000.0 3000.0
2500.0 2500.0 -3000.0
2500.0 2500.0 -2500.0
2500.0 2500.0 -2000.0
2500.0 2500.0 -1500.0
2500.0 2500.0 -1000.0
2500.0 2500.0 -500.0
2500.0 2500.0 0.0
2500.0 2500.0 500.0
2500.0 2500.0 1000.0
2500.0 2500.0 1500.0
2500.0 2500.0 2000.0
2500.0 2500.0 2500.0
2500.0 2500.0 3000.0
2500.0 3000.0 -3000.0
2500.0 3000.0 -2500.0
2500.0 3000.0 -2000.0
2500.0 3000.0 -1500.0
2500.0 3000.0 -1000.0
2500.0 3000.0 -500.0
2500.0 3000.0 0.0
2500.0 3000.0 500.0
2500.0 3000.0 1000.0
2500.0 3000.0 1500.0
2500.0 3000.0 2000.0
2500.0 3000.0 2500.0
2500.0 3000.0 3000.0
3000.0 -3000.0 -3000.0
3000.0 -3000.0 -2500.0
3000.0 -3000.0 -2000.0
3000.0 -3000.0 -1500.0
3000.0 -3000.0 -1000.0
3000.0 -3000.0 -500.0
3000.0 -3000.0 0.0
3000.0 -3000.0 500.0
3000.0 -3000.0 1000.0
3000.0 -3000.0 1500.0
3000.0 -3000.0 2000.0
3000.0 -3000.0 2500.0
3000.0 -3000.0 3000.0
3000.0 -2500.0 -3000.0
3000.0 -2500.0 -2500.0
3000.0 -2500.0 -2000.0
3000.0 -2500.0 -1500.0
3000.0 -2500.0 -1000.0
3000.0 -2500.0 -500.0
3000.0 -2500.0 0.0
3000.0 -2500.0 500.0
3000.0 -2500.0 1000.0
3000.0 -2500.0 1500.0
3000.0 -2500.0 2000.0
3000.0 -2500.0 2500.0
3000.0 -2500.0 3000.0
3000.0 -2000.0 -3000.0
3000.0 -2000.0 -2500.0
3000.0 -2000.0 -2000.0
3000.0 -2000.0 -1500.0
3000.0 -2000.0 -1000.0
3000.0 -2000.0 -500.0
3000.0 -2000.0 0.0
3000.0 -2000.0 500.0
3000.0 -2000.0 1000.0
3000.0 -2000.0 1500.0
3000.0 -2000.0 2000.0
3000.0 -2000.0 2500.0
3000.0 -2000.0 3000.0
3000.0 -1500.0 -3000.0
3000.0 -1500.0 -2500.0
3000.0 -1500.0 -2000.0
3000.0 -1500.0 -1500.0
3000.0 -1500.0 -1000.0
3000.0 -1500.0 -500.0
3000.0 -1500.0 0.0
3000.0 -1500.0 500.0
3000.0 -1500.0 1000.0
3000.0 -1500.0 1500.0
3000.0 -1500.0 2000.0
3000.0 -1500.0 2500.0
3000.0 -1500.0 3000.0
3000.0 -1000.0 -3000.0
3000.0 -1000.0 -2500.0
3000.0 -1000.0 -2000.0
3000.0 -1000.0 -1500.0
3000.0 -1000.0 -1000.0
3000.0 -1000.0 -500.0
3000.0 -1000.0 0.0
3000.0 -1000.0 500.0
3000.0 -1000.0 1000.0
3000.0 -1000.0 1500.0
3000.0 -1000.0 2000.0
3000.0 -1000.0 2500.0
3000.0 -1000.0 3000.0
3000.0 -500.0 -3000.0
3000.0 -500.0 -2500.0
3000.0 -500.0 -2000.0
3000.0 -500.0 -1500.0
3000.0 -500.0 -1000.0
3000.0 -500.0 -500.0
3000.0 -500.0 0.0
3000.0 -500.0 500.0
3000.0 -500.0 1000.0
3000.0 -500.0 1500.0
3000.0 -500.0 2000.0
3000.0 -500.0 2500.0
3000.0 -500.0 3000.0
3000.0 0.0 -3000.0
3000.0 0.0 -2500.0
3000.0 0.0 -2000.0
3000.0 0.0 -1500.0
3000.0 0.0 -1000.0
3000.0 0.0 -500.0
3000.0 0.0 0.0
3000.0 0.0 500.0
3000.0 0.0 1000.0
3000.0 0.0 1500.0
3000.0 0.0 2000.0
3000.0 0.0 2500.0
3000.0 0.0 3000.0
3000.0 500.0 -3000.0
3000.0 500.0 -2500.0
3000.0 500.0 -2000.0
3000.0 500.0 -1500.0
3000.0 500.0 -1000.0
3000.0 500.0 -500.0
3000.0 500.0 0.0
3000.0 500.0 500.0
3000.0 500.0 1000.0
3000.0 500.0 1500.0
3000.0 500.0 2000.0
3000.0 500.0 2500.0
3000.0 500.0 3000.0
3000.0 1000.0 -3000.0
3000.0 1000.0 -2500.0
3000.0 1000.0 -2000.0
3000.0 1000.0 -1500.0
3000.0 1000.0 -1000.0
3000.0 1000.0 -500.0
3000.0 1000.0 0.0
3000.0 1000.0 500.0
3000.0 1000.0 1000.0
3000.0 1000.0 1500.0
3000.0 1000.0 2000.0
3000.0 1000.0 2500.0
3000.0 1000.0 3000.0
3000.0 1500.0 -3000.0
3000.0 1500.0 -2500.0
3000.0 1500.0 -2000.0
3000.0 1500.0 -1500.0
3000.0 1500.0 -1000.0
3000.0 1500.0 -500.0
3000.0 1500.0 0.0
3000.0 1500.0 500.0
3000.0 1500.0 1000.0
3000.0 1500.0 1500.0
3000.0 1500.0 2000.0
3000.0 1500.0 2500.0
3000.0 1500.0 3000.0
3000.0 2000.0 -3000.0
3000.0 2000.0 -2500.0
3000.0 2000.0 -2000.0
3000.0 2000.0 -1500.0
3000.0 2000.0 -1000.0
3000.0 2000.0 -500.0
3000.0 2000.0 0.0
3000.0 2000.0 500.0
3000.0 2000.0 1000.0
3000.0 2000.0 1500.0
3000.0 2000.0 2000.0
3000.0 2000.0 2500.0
3000.0 2000.0 3000.0
3000.0 2500.0 -3000.0
3000.0 2500.0 -2500.0
3000.0 2500.0 -2000.0
3000.0 2500.0 -1500.0
3000.0 2500.0 -1000.0
3000.0 2500.0 -500.0
3000.0 2500.0 0.0
3000.0 2500.0 500.0
3000.0 2500.0 1000.0
3000.0 2500.0 1500.0
3000.0 2500.0 2000.0
3000.0 2500.0 2500.0
3000.0 2500.0 3000.0
3000.0 3000.0 -3000.0
3000.0 3000.0 -2500.0
3000.0 3000.0 -2000.0
3000.0 3000.0 -1500.0
3000.0 3000.0 -1000.0
3000.0 3000.0 -500.0
3000.0 3000.0 0.0
3000.0 3000.0 500.0
3000.0 3000.0 1000.0
3000.0 3000.0 1500.0
3000.0 3000.0 2000.0
3000.0 3000.0 2500.0
3000.0 3000.0 3000.0
