# DIPOLE TYPE: 0 

# NQUAD: 101 

# RTOL: 1e-12 
# ATOL: 1e-30 

# TRANSMITTERS: 11
0.0 0.0 950.0 1.0 90.0 0.0
0.0 1000.0 950.0 1.0 90.0 0.0
0.0 2000.0 950.0 1.0 90.0 0.0
0.0 3000.0 950.0 1.0 90.0 0.0
0.0 4000.0 950.0 1.0 90.0 0.0
0.0 5000.0 950.0 1.0 90.0 0.0
0.0 6000.0 950.0 1.0 90.0 0.0
0.0 7000.0 950.0 1.0 90.0 0.0
0.0 8000.0 950.0 1.0 90.0 0.0
0.0 9000.0 950.0 1.0 90.0 0.0
0.0 10000.0 950.0 1.0 90.0 0.0

# FREQUENCIES: 2
0.25
1

# LAYERS: 5
-1e+150 1000000000000.0
0.0 0.3
1000.0 1.0
2000.0 100.0
2100.0 1.0

# RECEIVERS: 1
0.0 0.0 1000.0
