# DIPOLE TYPE: 1 

# NQUAD: 101 

# RTOL: 1e-12 
# ATOL: 1e-30 

# TRANSMITTERS: 1
0.0 0.0 2050.0 1.0 0.0 90.0

# FREQUENCIES: 1
1

# LAYERS: 5
-1e+150 1000000000000.0
0.0 0.3
1000.0 1.0
2000.0 100.0
2100.0 1.0

# RECEIVERS: 3721
-3000.0 0.0 -1000.0
-3000.0 0.0 -900.0
-3000.0 0.0 -800.0
-3000.0 0.0 -700.0
-3000.0 0.0 -600.0
-3000.0 0.0 -500.0
-3000.0 0.0 -400.0
-3000.0 0.0 -300.0
-3000.0 0.0 -200.0
-3000.0 0.0 -100.0
-3000.0 0.0 0.0
-3000.0 0.0 100.0
-3000.0 0.0 200.0
-3000.0 0.0 300.0
-3000.0 0.0 400.0
-3000.0 0.0 500.0
-3000.0 0.0 600.0
-3000.0 0.0 700.0
-3000.0 0.0 800.0
-3000.0 0.0 900.0
-3000.0 0.0 1000.0
-3000.0 0.0 1100.0
-3000.0 0.0 1200.0
-3000.0 0.0 1300.0
-3000.0 0.0 1400.0
-3000.0 0.0 1500.0
-3000.0 0.0 1600.0
-3000.0 0.0 1700.0
-3000.0 0.0 1800.0
-3000.0 0.0 1900.0
-3000.0 0.0 2000.0
-3000.0 0.0 2100.0
-3000.0 0.0 2200.0
-3000.0 0.0 2300.0
-3000.0 0.0 2400.0
-3000.0 0.0 2500.0
-3000.0 0.0 2600.0
-3000.0 0.0 2700.0
-3000.0 0.0 2800.0
-3000.0 0.0 2900.0
-3000.0 0.0 3000.0
-3000.0 0.0 3100.0
-3000.0 0.0 3200.0
-3000.0 0.0 3300.0
-3000.0 0.0 3400.0
-3000.0 0.0 3500.0
-3000.0 0.0 3600.0
-3000.0 0.0 3700.0
-3000.0 0.0 3800.0
-3000.0 0.0 3900.0
-3000.0 0.0 4000.0
-3000.0 0.0 4100.0
-3000.0 0.0 4200.0
-3000.0 0.0 4300.0
-3000.0 0.0 4400.0
-3000.0 0.0 4500.0
-3000.0 0.0 4600.0
-3000.0 0.0 4700.0
-3000.0 0.0 4800.0
-3000.0 0.0 4900.0
-3000.0 0.0 5000.0
-2900.0 0.0 -1000.0
-2900.0 0.0 -900.0
-2900.0 0.0 -800.0
-2900.0 0.0 -700.0
-2900.0 0.0 -600.0
-2900.0 0.0 -500.0
-2900.0 0.0 -400.0
-2900.0 0.0 -300.0
-2900.0 0.0 -200.0
-2900.0 0.0 -100.0
-2900.0 0.0 0.0
-2900.0 0.0 100.0
-2900.0 0.0 200.0
-2900.0 0.0 300.0
-2900.0 0.0 400.0
-2900.0 0.0 500.0
-2900.0 0.0 600.0
-2900.0 0.0 700.0
-2900.0 0.0 800.0
-2900.0 0.0 900.0
-2900.0 0.0 1000.0
-2900.0 0.0 1100.0
-2900.0 0.0 1200.0
-2900.0 0.0 1300.0
-2900.0 0.0 1400.0
-2900.0 0.0 1500.0
-2900.0 0.0 1600.0
-2900.0 0.0 1700.0
-2900.0 0.0 1800.0
-2900.0 0.0 1900.0
-2900.0 0.0 2000.0
-2900.0 0.0 2100.0
-2900.0 0.0 2200.0
-2900.0 0.0 2300.0
-2900.0 0.0 2400.0
-2900.0 0.0 2500.0
-2900.0 0.0 2600.0
-2900.0 0.0 2700.0
-2900.0 0.0 2800.0
-2900.0 0.0 2900.0
-2900.0 0.0 3000.0
-2900.0 0.0 3100.0
-2900.0 0.0 3200.0
-2900.0 0.0 3300.0
-2900.0 0.0 3400.0
-2900.0 0.0 3500.0
-2900.0 0.0 3600.0
-2900.0 0.0 3700.0
-2900.0 0.0 3800.0
-2900.0 0.0 3900.0
-2900.0 0.0 4000.0
-2900.0 0.0 4100.0
-2900.0 0.0 4200.0
-2900.0 0.0 4300.0
-2900.0 0.0 4400.0
-2900.0 0.0 4500.0
-2900.0 0.0 4600.0
-2900.0 0.0 4700.0
-2900.0 0.0 4800.0
-2900.0 0.0 4900.0
-2900.0 0.0 5000.0
-2800.0 0.0 -1000.0
-2800.0 0.0 -900.0
-2800.0 0.0 -800.0
-2800.0 0.0 -700.0
-2800.0 0.0 -600.0
-2800.0 0.0 -500.0
-2800.0 0.0 -400.0
-2800.0 0.0 -300.0
-2800.0 0.0 -200.0
-2800.0 0.0 -100.0
-2800.0 0.0 0.0
-2800.0 0.0 100.0
-2800.0 0.0 200.0
-2800.0 0.0 300.0
-2800.0 0.0 400.0
-2800.0 0.0 500.0
-2800.0 0.0 600.0
-2800.0 0.0 700.0
-2800.0 0.0 800.0
-2800.0 0.0 900.0
-2800.0 0.0 1000.0
-2800.0 0.0 1100.0
-2800.0 0.0 1200.0
-2800.0 0.0 1300.0
-2800.0 0.0 1400.0
-2800.0 0.0 1500.0
-2800.0 0.0 1600.0
-2800.0 0.0 1700.0
-2800.0 0.0 1800.0
-2800.0 0.0 1900.0
-2800.0 0.0 2000.0
-2800.0 0.0 2100.0
-2800.0 0.0 2200.0
-2800.0 0.0 2300.0
-2800.0 0.0 2400.0
-2800.0 0.0 2500.0
-2800.0 0.0 2600.0
-2800.0 0.0 2700.0
-2800.0 0.0 2800.0
-2800.0 0.0 2900.0
-2800.0 0.0 3000.0
-2800.0 0.0 3100.0
-2800.0 0.0 3200.0
-2800.0 0.0 3300.0
-2800.0 0.0 3400.0
-2800.0 0.0 3500.0
-2800.0 0.0 3600.0
-2800.0 0.0 3700.0
-2800.0 0.0 3800.0
-2800.0 0.0 3900.0
-2800.0 0.0 4000.0
-2800.0 0.0 4100.0
-2800.0 0.0 4200.0
-2800.0 0.0 4300.0
-2800.0 0.0 4400.0
-2800.0 0.0 4500.0
-2800.0 0.0 4600.0
-2800.0 0.0 4700.0
-2800.0 0.0 4800.0
-2800.0 0.0 4900.0
-2800.0 0.0 5000.0
-2700.0 0.0 -1000.0
-2700.0 0.0 -900.0
-2700.0 0.0 -800.0
-2700.0 0.0 -700.0
-2700.0 0.0 -600.0
-2700.0 0.0 -500.0
-2700.0 0.0 -400.0
-2700.0 0.0 -300.0
-2700.0 0.0 -200.0
-2700.0 0.0 -100.0
-2700.0 0.0 0.0
-2700.0 0.0 100.0
-2700.0 0.0 200.0
-2700.0 0.0 300.0
-2700.0 0.0 400.0
-2700.0 0.0 500.0
-2700.0 0.0 600.0
-2700.0 0.0 700.0
-2700.0 0.0 800.0
-2700.0 0.0 900.0
-2700.0 0.0 1000.0
-2700.0 0.0 1100.0
-2700.0 0.0 1200.0
-2700.0 0.0 1300.0
-2700.0 0.0 1400.0
-2700.0 0.0 1500.0
-2700.0 0.0 1600.0
-2700.0 0.0 1700.0
-2700.0 0.0 1800.0
-2700.0 0.0 1900.0
-2700.0 0.0 2000.0
-2700.0 0.0 2100.0
-2700.0 0.0 2200.0
-2700.0 0.0 2300.0
-2700.0 0.0 2400.0
-2700.0 0.0 2500.0
-2700.0 0.0 2600.0
-2700.0 0.0 2700.0
-2700.0 0.0 2800.0
-2700.0 0.0 2900.0
-2700.0 0.0 3000.0
-2700.0 0.0 3100.0
-2700.0 0.0 3200.0
-2700.0 0.0 3300.0
-2700.0 0.0 3400.0
-2700.0 0.0 3500.0
-2700.0 0.0 3600.0
-2700.0 0.0 3700.0
-2700.0 0.0 3800.0
-2700.0 0.0 3900.0
-2700.0 0.0 4000.0
-2700.0 0.0 4100.0
-2700.0 0.0 4200.0
-2700.0 0.0 4300.0
-2700.0 0.0 4400.0
-2700.0 0.0 4500.0
-2700.0 0.0 4600.0
-2700.0 0.0 4700.0
-2700.0 0.0 4800.0
-2700.0 0.0 4900.0
-2700.0 0.0 5000.0
-2600.0 0.0 -1000.0
-2600.0 0.0 -900.0
-2600.0 0.0 -800.0
-2600.0 0.0 -700.0
-2600.0 0.0 -600.0
-2600.0 0.0 -500.0
-2600.0 0.0 -400.0
-2600.0 0.0 -300.0
-2600.0 0.0 -200.0
-2600.0 0.0 -100.0
-2600.0 0.0 0.0
-2600.0 0.0 100.0
-2600.0 0.0 200.0
-2600.0 0.0 300.0
-2600.0 0.0 400.0
-2600.0 0.0 500.0
-2600.0 0.0 600.0
-2600.0 0.0 700.0
-2600.0 0.0 800.0
-2600.0 0.0 900.0
-2600.0 0.0 1000.0
-2600.0 0.0 1100.0
-2600.0 0.0 1200.0
-2600.0 0.0 1300.0
-2600.0 0.0 1400.0
-2600.0 0.0 1500.0
-2600.0 0.0 1600.0
-2600.0 0.0 1700.0
-2600.0 0.0 1800.0
-2600.0 0.0 1900.0
-2600.0 0.0 2000.0
-2600.0 0.0 2100.0
-2600.0 0.0 2200.0
-2600.0 0.0 2300.0
-2600.0 0.0 2400.0
-2600.0 0.0 2500.0
-2600.0 0.0 2600.0
-2600.0 0.0 2700.0
-2600.0 0.0 2800.0
-2600.0 0.0 2900.0
-2600.0 0.0 3000.0
-2600.0 0.0 3100.0
-2600.0 0.0 3200.0
-2600.0 0.0 3300.0
-2600.0 0.0 3400.0
-2600.0 0.0 3500.0
-2600.0 0.0 3600.0
-2600.0 0.0 3700.0
-2600.0 0.0 3800.0
-2600.0 0.0 3900.0
-2600.0 0.0 4000.0
-2600.0 0.0 4100.0
-2600.0 0.0 4200.0
-2600.0 0.0 4300.0
-2600.0 0.0 4400.0
-2600.0 0.0 4500.0
-2600.0 0.0 4600.0
-2600.0 0.0 4700.0
-2600.0 0.0 4800.0
-2600.0 0.0 4900.0
-2600.0 0.0 5000.0
-2500.0 0.0 -1000.0
-2500.0 0.0 -900.0
-2500.0 0.0 -800.0
-2500.0 0.0 -700.0
-2500.0 0.0 -600.0
-2500.0 0.0 -500.0
-2500.0 0.0 -400.0
-2500.0 0.0 -300.0
-2500.0 0.0 -200.0
-2500.0 0.0 -100.0
-2500.0 0.0 0.0
-2500.0 0.0 100.0
-2500.0 0.0 200.0
-2500.0 0.0 300.0
-2500.0 0.0 400.0
-2500.0 0.0 500.0
-2500.0 0.0 600.0
-2500.0 0.0 700.0
-2500.0 0.0 800.0
-2500.0 0.0 900.0
-2500.0 0.0 1000.0
-2500.0 0.0 1100.0
-2500.0 0.0 1200.0
-2500.0 0.0 1300.0
-2500.0 0.0 1400.0
-2500.0 0.0 1500.0
-2500.0 0.0 1600.0
-2500.0 0.0 1700.0
-2500.0 0.0 1800.0
-2500.0 0.0 1900.0
-2500.0 0.0 2000.0
-2500.0 0.0 2100.0
-2500.0 0.0 2200.0
-2500.0 0.0 2300.0
-2500.0 0.0 2400.0
-2500.0 0.0 2500.0
-2500.0 0.0 2600.0
-2500.0 0.0 2700.0
-2500.0 0.0 2800.0
-2500.0 0.0 2900.0
-2500.0 0.0 3000.0
-2500.0 0.0 3100.0
-2500.0 0.0 3200.0
-2500.0 0.0 3300.0
-2500.0 0.0 3400.0
-2500.0 0.0 3500.0
-2500.0 0.0 3600.0
-2500.0 0.0 3700.0
-2500.0 0.0 3800.0
-2500.0 0.0 3900.0
-2500.0 0.0 4000.0
-2500.0 0.0 4100.0
-2500.0 0.0 4200.0
-2500.0 0.0 4300.0
-2500.0 0.0 4400.0
-2500.0 0.0 4500.0
-2500.0 0.0 4600.0
-2500.0 0.0 4700.0
-2500.0 0.0 4800.0
-2500.0 0.0 4900.0
-2500.0 0.0 5000.0
-2400.0 0.0 -1000.0
-2400.0 0.0 -900.0
-2400.0 0.0 -800.0
-2400.0 0.0 -700.0
-2400.0 0.0 -600.0
-2400.0 0.0 -500.0
-2400.0 0.0 -400.0
-2400.0 0.0 -300.0
-2400.0 0.0 -200.0
-2400.0 0.0 -100.0
-2400.0 0.0 0.0
-2400.0 0.0 100.0
-2400.0 0.0 200.0
-2400.0 0.0 300.0
-2400.0 0.0 400.0
-2400.0 0.0 500.0
-2400.0 0.0 600.0
-2400.0 0.0 700.0
-2400.0 0.0 800.0
-2400.0 0.0 900.0
-2400.0 0.0 1000.0
-2400.0 0.0 1100.0
-2400.0 0.0 1200.0
-2400.0 0.0 1300.0
-2400.0 0.0 1400.0
-2400.0 0.0 1500.0
-2400.0 0.0 1600.0
-2400.0 0.0 1700.0
-2400.0 0.0 1800.0
-2400.0 0.0 1900.0
-2400.0 0.0 2000.0
-2400.0 0.0 2100.0
-2400.0 0.0 2200.0
-2400.0 0.0 2300.0
-2400.0 0.0 2400.0
-2400.0 0.0 2500.0
-2400.0 0.0 2600.0
-2400.0 0.0 2700.0
-2400.0 0.0 2800.0
-2400.0 0.0 2900.0
-2400.0 0.0 3000.0
-2400.0 0.0 3100.0
-2400.0 0.0 3200.0
-2400.0 0.0 3300.0
-2400.0 0.0 3400.0
-2400.0 0.0 3500.0
-2400.0 0.0 3600.0
-2400.0 0.0 3700.0
-2400.0 0.0 3800.0
-2400.0 0.0 3900.0
-2400.0 0.0 4000.0
-2400.0 0.0 4100.0
-2400.0 0.0 4200.0
-2400.0 0.0 4300.0
-2400.0 0.0 4400.0
-2400.0 0.0 4500.0
-2400.0 0.0 4600.0
-2400.0 0.0 4700.0
-2400.0 0.0 4800.0
-2400.0 0.0 4900.0
-2400.0 0.0 5000.0
-2300.0 0.0 -1000.0
-2300.0 0.0 -900.0
-2300.0 0.0 -800.0
-2300.0 0.0 -700.0
-2300.0 0.0 -600.0
-2300.0 0.0 -500.0
-2300.0 0.0 -400.0
-2300.0 0.0 -300.0
-2300.0 0.0 -200.0
-2300.0 0.0 -100.0
-2300.0 0.0 0.0
-2300.0 0.0 100.0
-2300.0 0.0 200.0
-2300.0 0.0 300.0
-2300.0 0.0 400.0
-2300.0 0.0 500.0
-2300.0 0.0 600.0
-2300.0 0.0 700.0
-2300.0 0.0 800.0
-2300.0 0.0 900.0
-2300.0 0.0 1000.0
-2300.0 0.0 1100.0
-2300.0 0.0 1200.0
-2300.0 0.0 1300.0
-2300.0 0.0 1400.0
-2300.0 0.0 1500.0
-2300.0 0.0 1600.0
-2300.0 0.0 1700.0
-2300.0 0.0 1800.0
-2300.0 0.0 1900.0
-2300.0 0.0 2000.0
-2300.0 0.0 2100.0
-2300.0 0.0 2200.0
-2300.0 0.0 2300.0
-2300.0 0.0 2400.0
-2300.0 0.0 2500.0
-2300.0 0.0 2600.0
-2300.0 0.0 2700.0
-2300.0 0.0 2800.0
-2300.0 0.0 2900.0
-2300.0 0.0 3000.0
-2300.0 0.0 3100.0
-2300.0 0.0 3200.0
-2300.0 0.0 3300.0
-2300.0 0.0 3400.0
-2300.0 0.0 3500.0
-2300.0 0.0 3600.0
-2300.0 0.0 3700.0
-2300.0 0.0 3800.0
-2300.0 0.0 3900.0
-2300.0 0.0 4000.0
-2300.0 0.0 4100.0
-2300.0 0.0 4200.0
-2300.0 0.0 4300.0
-2300.0 0.0 4400.0
-2300.0 0.0 4500.0
-2300.0 0.0 4600.0
-2300.0 0.0 4700.0
-2300.0 0.0 4800.0
-2300.0 0.0 4900.0
-2300.0 0.0 5000.0
-2200.0 0.0 -1000.0
-2200.0 0.0 -900.0
-2200.0 0.0 -800.0
-2200.0 0.0 -700.0
-2200.0 0.0 -600.0
-2200.0 0.0 -500.0
-2200.0 0.0 -400.0
-2200.0 0.0 -300.0
-2200.0 0.0 -200.0
-2200.0 0.0 -100.0
-2200.0 0.0 0.0
-2200.0 0.0 100.0
-2200.0 0.0 200.0
-2200.0 0.0 300.0
-2200.0 0.0 400.0
-2200.0 0.0 500.0
-2200.0 0.0 600.0
-2200.0 0.0 700.0
-2200.0 0.0 800.0
-2200.0 0.0 900.0
-2200.0 0.0 1000.0
-2200.0 0.0 1100.0
-2200.0 0.0 1200.0
-2200.0 0.0 1300.0
-2200.0 0.0 1400.0
-2200.0 0.0 1500.0
-2200.0 0.0 1600.0
-2200.0 0.0 1700.0
-2200.0 0.0 1800.0
-2200.0 0.0 1900.0
-2200.0 0.0 2000.0
-2200.0 0.0 2100.0
-2200.0 0.0 2200.0
-2200.0 0.0 2300.0
-2200.0 0.0 2400.0
-2200.0 0.0 2500.0
-2200.0 0.0 2600.0
-2200.0 0.0 2700.0
-2200.0 0.0 2800.0
-2200.0 0.0 2900.0
-2200.0 0.0 3000.0
-2200.0 0.0 3100.0
-2200.0 0.0 3200.0
-2200.0 0.0 3300.0
-2200.0 0.0 3400.0
-2200.0 0.0 3500.0
-2200.0 0.0 3600.0
-2200.0 0.0 3700.0
-2200.0 0.0 3800.0
-2200.0 0.0 3900.0
-2200.0 0.0 4000.0
-2200.0 0.0 4100.0
-2200.0 0.0 4200.0
-2200.0 0.0 4300.0
-2200.0 0.0 4400.0
-2200.0 0.0 4500.0
-2200.0 0.0 4600.0
-2200.0 0.0 4700.0
-2200.0 0.0 4800.0
-2200.0 0.0 4900.0
-2200.0 0.0 5000.0
-2100.0 0.0 -1000.0
-2100.0 0.0 -900.0
-2100.0 0.0 -800.0
-2100.0 0.0 -700.0
-2100.0 0.0 -600.0
-2100.0 0.0 -500.0
-2100.0 0.0 -400.0
-2100.0 0.0 -300.0
-2100.0 0.0 -200.0
-2100.0 0.0 -100.0
-2100.0 0.0 0.0
-2100.0 0.0 100.0
-2100.0 0.0 200.0
-2100.0 0.0 300.0
-2100.0 0.0 400.0
-2100.0 0.0 500.0
-2100.0 0.0 600.0
-2100.0 0.0 700.0
-2100.0 0.0 800.0
-2100.0 0.0 900.0
-2100.0 0.0 1000.0
-2100.0 0.0 1100.0
-2100.0 0.0 1200.0
-2100.0 0.0 1300.0
-2100.0 0.0 1400.0
-2100.0 0.0 1500.0
-2100.0 0.0 1600.0
-2100.0 0.0 1700.0
-2100.0 0.0 1800.0
-2100.0 0.0 1900.0
-2100.0 0.0 2000.0
-2100.0 0.0 2100.0
-2100.0 0.0 2200.0
-2100.0 0.0 2300.0
-2100.0 0.0 2400.0
-2100.0 0.0 2500.0
-2100.0 0.0 2600.0
-2100.0 0.0 2700.0
-2100.0 0.0 2800.0
-2100.0 0.0 2900.0
-2100.0 0.0 3000.0
-2100.0 0.0 3100.0
-2100.0 0.0 3200.0
-2100.0 0.0 3300.0
-2100.0 0.0 3400.0
-2100.0 0.0 3500.0
-2100.0 0.0 3600.0
-2100.0 0.0 3700.0
-2100.0 0.0 3800.0
-2100.0 0.0 3900.0
-2100.0 0.0 4000.0
-2100.0 0.0 4100.0
-2100.0 0.0 4200.0
-2100.0 0.0 4300.0
-2100.0 0.0 4400.0
-2100.0 0.0 4500.0
-2100.0 0.0 4600.0
-2100.0 0.0 4700.0
-2100.0 0.0 4800.0
-2100.0 0.0 4900.0
-2100.0 0.0 5000.0
-2000.0 0.0 -1000.0
-2000.0 0.0 -900.0
-2000.0 0.0 -800.0
-2000.0 0.0 -700.0
-2000.0 0.0 -600.0
-2000.0 0.0 -500.0
-2000.0 0.0 -400.0
-2000.0 0.0 -300.0
-2000.0 0.0 -200.0
-2000.0 0.0 -100.0
-2000.0 0.0 0.0
-2000.0 0.0 100.0
-2000.0 0.0 200.0
-2000.0 0.0 300.0
-2000.0 0.0 400.0
-2000.0 0.0 500.0
-2000.0 0.0 600.0
-2000.0 0.0 700.0
-2000.0 0.0 800.0
-2000.0 0.0 900.0
-2000.0 0.0 1000.0
-2000.0 0.0 1100.0
-2000.0 0.0 1200.0
-2000.0 0.0 1300.0
-2000.0 0.0 1400.0
-2000.0 0.0 1500.0
-2000.0 0.0 1600.0
-2000.0 0.0 1700.0
-2000.0 0.0 1800.0
-2000.0 0.0 1900.0
-2000.0 0.0 2000.0
-2000.0 0.0 2100.0
-2000.0 0.0 2200.0
-2000.0 0.0 2300.0
-2000.0 0.0 2400.0
-2000.0 0.0 2500.0
-2000.0 0.0 2600.0
-2000.0 0.0 2700.0
-2000.0 0.0 2800.0
-2000.0 0.0 2900.0
-2000.0 0.0 3000.0
-2000.0 0.0 3100.0
-2000.0 0.0 3200.0
-2000.0 0.0 3300.0
-2000.0 0.0 3400.0
-2000.0 0.0 3500.0
-2000.0 0.0 3600.0
-2000.0 0.0 3700.0
-2000.0 0.0 3800.0
-2000.0 0.0 3900.0
-2000.0 0.0 4000.0
-2000.0 0.0 4100.0
-2000.0 0.0 4200.0
-2000.0 0.0 4300.0
-2000.0 0.0 4400.0
-2000.0 0.0 4500.0
-2000.0 0.0 4600.0
-2000.0 0.0 4700.0
-2000.0 0.0 4800.0
-2000.0 0.0 4900.0
-2000.0 0.0 5000.0
-1900.0 0.0 -1000.0
-1900.0 0.0 -900.0
-1900.0 0.0 -800.0
-1900.0 0.0 -700.0
-1900.0 0.0 -600.0
-1900.0 0.0 -500.0
-1900.0 0.0 -400.0
-1900.0 0.0 -300.0
-1900.0 0.0 -200.0
-1900.0 0.0 -100.0
-1900.0 0.0 0.0
-1900.0 0.0 100.0
-1900.0 0.0 200.0
-1900.0 0.0 300.0
-1900.0 0.0 400.0
-1900.0 0.0 500.0
-1900.0 0.0 600.0
-1900.0 0.0 700.0
-1900.0 0.0 800.0
-1900.0 0.0 900.0
-1900.0 0.0 1000.0
-1900.0 0.0 1100.0
-1900.0 0.0 1200.0
-1900.0 0.0 1300.0
-1900.0 0.0 1400.0
-1900.0 0.0 1500.0
-1900.0 0.0 1600.0
-1900.0 0.0 1700.0
-1900.0 0.0 1800.0
-1900.0 0.0 1900.0
-1900.0 0.0 2000.0
-1900.0 0.0 2100.0
-1900.0 0.0 2200.0
-1900.0 0.0 2300.0
-1900.0 0.0 2400.0
-1900.0 0.0 2500.0
-1900.0 0.0 2600.0
-1900.0 0.0 2700.0
-1900.0 0.0 2800.0
-1900.0 0.0 2900.0
-1900.0 0.0 3000.0
-1900.0 0.0 3100.0
-1900.0 0.0 3200.0
-1900.0 0.0 3300.0
-1900.0 0.0 3400.0
-1900.0 0.0 3500.0
-1900.0 0.0 3600.0
-1900.0 0.0 3700.0
-1900.0 0.0 3800.0
-1900.0 0.0 3900.0
-1900.0 0.0 4000.0
-1900.0 0.0 4100.0
-1900.0 0.0 4200.0
-1900.0 0.0 4300.0
-1900.0 0.0 4400.0
-1900.0 0.0 4500.0
-1900.0 0.0 4600.0
-1900.0 0.0 4700.0
-1900.0 0.0 4800.0
-1900.0 0.0 4900.0
-1900.0 0.0 5000.0
-1800.0 0.0 -1000.0
-1800.0 0.0 -900.0
-1800.0 0.0 -800.0
-1800.0 0.0 -700.0
-1800.0 0.0 -600.0
-1800.0 0.0 -500.0
-1800.0 0.0 -400.0
-1800.0 0.0 -300.0
-1800.0 0.0 -200.0
-1800.0 0.0 -100.0
-1800.0 0.0 0.0
-1800.0 0.0 100.0
-1800.0 0.0 200.0
-1800.0 0.0 300.0
-1800.0 0.0 400.0
-1800.0 0.0 500.0
-1800.0 0.0 600.0
-1800.0 0.0 700.0
-1800.0 0.0 800.0
-1800.0 0.0 900.0
-1800.0 0.0 1000.0
-1800.0 0.0 1100.0
-1800.0 0.0 1200.0
-1800.0 0.0 1300.0
-1800.0 0.0 1400.0
-1800.0 0.0 1500.0
-1800.0 0.0 1600.0
-1800.0 0.0 1700.0
-1800.0 0.0 1800.0
-1800.0 0.0 1900.0
-1800.0 0.0 2000.0
-1800.0 0.0 2100.0
-1800.0 0.0 2200.0
-1800.0 0.0 2300.0
-1800.0 0.0 2400.0
-1800.0 0.0 2500.0
-1800.0 0.0 2600.0
-1800.0 0.0 2700.0
-1800.0 0.0 2800.0
-1800.0 0.0 2900.0
-1800.0 0.0 3000.0
-1800.0 0.0 3100.0
-1800.0 0.0 3200.0
-1800.0 0.0 3300.0
-1800.0 0.0 3400.0
-1800.0 0.0 3500.0
-1800.0 0.0 3600.0
-1800.0 0.0 3700.0
-1800.0 0.0 3800.0
-1800.0 0.0 3900.0
-1800.0 0.0 4000.0
-1800.0 0.0 4100.0
-1800.0 0.0 4200.0
-1800.0 0.0 4300.0
-1800.0 0.0 4400.0
-1800.0 0.0 4500.0
-1800.0 0.0 4600.0
-1800.0 0.0 4700.0
-1800.0 0.0 4800.0
-1800.0 0.0 4900.0
-1800.0 0.0 5000.0
-1700.0 0.0 -1000.0
-1700.0 0.0 -900.0
-1700.0 0.0 -800.0
-1700.0 0.0 -700.0
-1700.0 0.0 -600.0
-1700.0 0.0 -500.0
-1700.0 0.0 -400.0
-1700.0 0.0 -300.0
-1700.0 0.0 -200.0
-1700.0 0.0 -100.0
-1700.0 0.0 0.0
-1700.0 0.0 100.0
-1700.0 0.0 200.0
-1700.0 0.0 300.0
-1700.0 0.0 400.0
-1700.0 0.0 500.0
-1700.0 0.0 600.0
-1700.0 0.0 700.0
-1700.0 0.0 800.0
-1700.0 0.0 900.0
-1700.0 0.0 1000.0
-1700.0 0.0 1100.0
-1700.0 0.0 1200.0
-1700.0 0.0 1300.0
-1700.0 0.0 1400.0
-1700.0 0.0 1500.0
-1700.0 0.0 1600.0
-1700.0 0.0 1700.0
-1700.0 0.0 1800.0
-1700.0 0.0 1900.0
-1700.0 0.0 2000.0
-1700.0 0.0 2100.0
-1700.0 0.0 2200.0
-1700.0 0.0 2300.0
-1700.0 0.0 2400.0
-1700.0 0.0 2500.0
-1700.0 0.0 2600.0
-1700.0 0.0 2700.0
-1700.0 0.0 2800.0
-1700.0 0.0 2900.0
-1700.0 0.0 3000.0
-1700.0 0.0 3100.0
-1700.0 0.0 3200.0
-1700.0 0.0 3300.0
-1700.0 0.0 3400.0
-1700.0 0.0 3500.0
-1700.0 0.0 3600.0
-1700.0 0.0 3700.0
-1700.0 0.0 3800.0
-1700.0 0.0 3900.0
-1700.0 0.0 4000.0
-1700.0 0.0 4100.0
-1700.0 0.0 4200.0
-1700.0 0.0 4300.0
-1700.0 0.0 4400.0
-1700.0 0.0 4500.0
-1700.0 0.0 4600.0
-1700.0 0.0 4700.0
-1700.0 0.0 4800.0
-1700.0 0.0 4900.0
-1700.0 0.0 5000.0
-1600.0 0.0 -1000.0
-1600.0 0.0 -900.0
-1600.0 0.0 -800.0
-1600.0 0.0 -700.0
-1600.0 0.0 -600.0
-1600.0 0.0 -500.0
-1600.0 0.0 -400.0
-1600.0 0.0 -300.0
-1600.0 0.0 -200.0
-1600.0 0.0 -100.0
-1600.0 0.0 0.0
-1600.0 0.0 100.0
-1600.0 0.0 200.0
-1600.0 0.0 300.0
-1600.0 0.0 400.0
-1600.0 0.0 500.0
-1600.0 0.0 600.0
-1600.0 0.0 700.0
-1600.0 0.0 800.0
-1600.0 0.0 900.0
-1600.0 0.0 1000.0
-1600.0 0.0 1100.0
-1600.0 0.0 1200.0
-1600.0 0.0 1300.0
-1600.0 0.0 1400.0
-1600.0 0.0 1500.0
-1600.0 0.0 1600.0
-1600.0 0.0 1700.0
-1600.0 0.0 1800.0
-1600.0 0.0 1900.0
-1600.0 0.0 2000.0
-1600.0 0.0 2100.0
-1600.0 0.0 2200.0
-1600.0 0.0 2300.0
-1600.0 0.0 2400.0
-1600.0 0.0 2500.0
-1600.0 0.0 2600.0
-1600.0 0.0 2700.0
-1600.0 0.0 2800.0
-1600.0 0.0 2900.0
-1600.0 0.0 3000.0
-1600.0 0.0 3100.0
-1600.0 0.0 3200.0
-1600.0 0.0 3300.0
-1600.0 0.0 3400.0
-1600.0 0.0 3500.0
-1600.0 0.0 3600.0
-1600.0 0.0 3700.0
-1600.0 0.0 3800.0
-1600.0 0.0 3900.0
-1600.0 0.0 4000.0
-1600.0 0.0 4100.0
-1600.0 0.0 4200.0
-1600.0 0.0 4300.0
-1600.0 0.0 4400.0
-1600.0 0.0 4500.0
-1600.0 0.0 4600.0
-1600.0 0.0 4700.0
-1600.0 0.0 4800.0
-1600.0 0.0 4900.0
-1600.0 0.0 5000.0
-1500.0 0.0 -1000.0
-1500.0 0.0 -900.0
-1500.0 0.0 -800.0
-1500.0 0.0 -700.0
-1500.0 0.0 -600.0
-1500.0 0.0 -500.0
-1500.0 0.0 -400.0
-1500.0 0.0 -300.0
-1500.0 0.0 -200.0
-1500.0 0.0 -100.0
-1500.0 0.0 0.0
-1500.0 0.0 100.0
-1500.0 0.0 200.0
-1500.0 0.0 300.0
-1500.0 0.0 400.0
-1500.0 0.0 500.0
-1500.0 0.0 600.0
-1500.0 0.0 700.0
-1500.0 0.0 800.0
-1500.0 0.0 900.0
-1500.0 0.0 1000.0
-1500.0 0.0 1100.0
-1500.0 0.0 1200.0
-1500.0 0.0 1300.0
-1500.0 0.0 1400.0
-1500.0 0.0 1500.0
-1500.0 0.0 1600.0
-1500.0 0.0 1700.0
-1500.0 0.0 1800.0
-1500.0 0.0 1900.0
-1500.0 0.0 2000.0
-1500.0 0.0 2100.0
-1500.0 0.0 2200.0
-1500.0 0.0 2300.0
-1500.0 0.0 2400.0
-1500.0 0.0 2500.0
-1500.0 0.0 2600.0
-1500.0 0.0 2700.0
-1500.0 0.0 2800.0
-1500.0 0.0 2900.0
-1500.0 0.0 3000.0
-1500.0 0.0 3100.0
-1500.0 0.0 3200.0
-1500.0 0.0 3300.0
-1500.0 0.0 3400.0
-1500.0 0.0 3500.0
-1500.0 0.0 3600.0
-1500.0 0.0 3700.0
-1500.0 0.0 3800.0
-1500.0 0.0 3900.0
-1500.0 0.0 4000.0
-1500.0 0.0 4100.0
-1500.0 0.0 4200.0
-1500.0 0.0 4300.0
-1500.0 0.0 4400.0
-1500.0 0.0 4500.0
-1500.0 0.0 4600.0
-1500.0 0.0 4700.0
-1500.0 0.0 4800.0
-1500.0 0.0 4900.0
-1500.0 0.0 5000.0
-1400.0 0.0 -1000.0
-1400.0 0.0 -900.0
-1400.0 0.0 -800.0
-1400.0 0.0 -700.0
-1400.0 0.0 -600.0
-1400.0 0.0 -500.0
-1400.0 0.0 -400.0
-1400.0 0.0 -300.0
-1400.0 0.0 -200.0
-1400.0 0.0 -100.0
-1400.0 0.0 0.0
-1400.0 0.0 100.0
-1400.0 0.0 200.0
-1400.0 0.0 300.0
-1400.0 0.0 400.0
-1400.0 0.0 500.0
-1400.0 0.0 600.0
-1400.0 0.0 700.0
-1400.0 0.0 800.0
-1400.0 0.0 900.0
-1400.0 0.0 1000.0
-1400.0 0.0 1100.0
-1400.0 0.0 1200.0
-1400.0 0.0 1300.0
-1400.0 0.0 1400.0
-1400.0 0.0 1500.0
-1400.0 0.0 1600.0
-1400.0 0.0 1700.0
-1400.0 0.0 1800.0
-1400.0 0.0 1900.0
-1400.0 0.0 2000.0
-1400.0 0.0 2100.0
-1400.0 0.0 2200.0
-1400.0 0.0 2300.0
-1400.0 0.0 2400.0
-1400.0 0.0 2500.0
-1400.0 0.0 2600.0
-1400.0 0.0 2700.0
-1400.0 0.0 2800.0
-1400.0 0.0 2900.0
-1400.0 0.0 3000.0
-1400.0 0.0 3100.0
-1400.0 0.0 3200.0
-1400.0 0.0 3300.0
-1400.0 0.0 3400.0
-1400.0 0.0 3500.0
-1400.0 0.0 3600.0
-1400.0 0.0 3700.0
-1400.0 0.0 3800.0
-1400.0 0.0 3900.0
-1400.0 0.0 4000.0
-1400.0 0.0 4100.0
-1400.0 0.0 4200.0
-1400.0 0.0 4300.0
-1400.0 0.0 4400.0
-1400.0 0.0 4500.0
-1400.0 0.0 4600.0
-1400.0 0.0 4700.0
-1400.0 0.0 4800.0
-1400.0 0.0 4900.0
-1400.0 0.0 5000.0
-1300.0 0.0 -1000.0
-1300.0 0.0 -900.0
-1300.0 0.0 -800.0
-1300.0 0.0 -700.0
-1300.0 0.0 -600.0
-1300.0 0.0 -500.0
-1300.0 0.0 -400.0
-1300.0 0.0 -300.0
-1300.0 0.0 -200.0
-1300.0 0.0 -100.0
-1300.0 0.0 0.0
-1300.0 0.0 100.0
-1300.0 0.0 200.0
-1300.0 0.0 300.0
-1300.0 0.0 400.0
-1300.0 0.0 500.0
-1300.0 0.0 600.0
-1300.0 0.0 700.0
-1300.0 0.0 800.0
-1300.0 0.0 900.0
-1300.0 0.0 1000.0
-1300.0 0.0 1100.0
-1300.0 0.0 1200.0
-1300.0 0.0 1300.0
-1300.0 0.0 1400.0
-1300.0 0.0 1500.0
-1300.0 0.0 1600.0
-1300.0 0.0 1700.0
-1300.0 0.0 1800.0
-1300.0 0.0 1900.0
-1300.0 0.0 2000.0
-1300.0 0.0 2100.0
-1300.0 0.0 2200.0
-1300.0 0.0 2300.0
-1300.0 0.0 2400.0
-1300.0 0.0 2500.0
-1300.0 0.0 2600.0
-1300.0 0.0 2700.0
-1300.0 0.0 2800.0
-1300.0 0.0 2900.0
-1300.0 0.0 3000.0
-1300.0 0.0 3100.0
-1300.0 0.0 3200.0
-1300.0 0.0 3300.0
-1300.0 0.0 3400.0
-1300.0 0.0 3500.0
-1300.0 0.0 3600.0
-1300.0 0.0 3700.0
-1300.0 0.0 3800.0
-1300.0 0.0 3900.0
-1300.0 0.0 4000.0
-1300.0 0.0 4100.0
-1300.0 0.0 4200.0
-1300.0 0.0 4300.0
-1300.0 0.0 4400.0
-1300.0 0.0 4500.0
-1300.0 0.0 4600.0
-1300.0 0.0 4700.0
-1300.0 0.0 4800.0
-1300.0 0.0 4900.0
-1300.0 0.0 5000.0
-1200.0 0.0 -1000.0
-1200.0 0.0 -900.0
-1200.0 0.0 -800.0
-1200.0 0.0 -700.0
-1200.0 0.0 -600.0
-1200.0 0.0 -500.0
-1200.0 0.0 -400.0
-1200.0 0.0 -300.0
-1200.0 0.0 -200.0
-1200.0 0.0 -100.0
-1200.0 0.0 0.0
-1200.0 0.0 100.0
-1200.0 0.0 200.0
-1200.0 0.0 300.0
-1200.0 0.0 400.0
-1200.0 0.0 500.0
-1200.0 0.0 600.0
-1200.0 0.0 700.0
-1200.0 0.0 800.0
-1200.0 0.0 900.0
-1200.0 0.0 1000.0
-1200.0 0.0 1100.0
-1200.0 0.0 1200.0
-1200.0 0.0 1300.0
-1200.0 0.0 1400.0
-1200.0 0.0 1500.0
-1200.0 0.0 1600.0
-1200.0 0.0 1700.0
-1200.0 0.0 1800.0
-1200.0 0.0 1900.0
-1200.0 0.0 2000.0
-1200.0 0.0 2100.0
-1200.0 0.0 2200.0
-1200.0 0.0 2300.0
-1200.0 0.0 2400.0
-1200.0 0.0 2500.0
-1200.0 0.0 2600.0
-1200.0 0.0 2700.0
-1200.0 0.0 2800.0
-1200.0 0.0 2900.0
-1200.0 0.0 3000.0
-1200.0 0.0 3100.0
-1200.0 0.0 3200.0
-1200.0 0.0 3300.0
-1200.0 0.0 3400.0
-1200.0 0.0 3500.0
-1200.0 0.0 3600.0
-1200.0 0.0 3700.0
-1200.0 0.0 3800.0
-1200.0 0.0 3900.0
-1200.0 0.0 4000.0
-1200.0 0.0 4100.0
-1200.0 0.0 4200.0
-1200.0 0.0 4300.0
-1200.0 0.0 4400.0
-1200.0 0.0 4500.0
-1200.0 0.0 4600.0
-1200.0 0.0 4700.0
-1200.0 0.0 4800.0
-1200.0 0.0 4900.0
-1200.0 0.0 5000.0
-1100.0 0.0 -1000.0
-1100.0 0.0 -900.0
-1100.0 0.0 -800.0
-1100.0 0.0 -700.0
-1100.0 0.0 -600.0
-1100.0 0.0 -500.0
-1100.0 0.0 -400.0
-1100.0 0.0 -300.0
-1100.0 0.0 -200.0
-1100.0 0.0 -100.0
-1100.0 0.0 0.0
-1100.0 0.0 100.0
-1100.0 0.0 200.0
-1100.0 0.0 300.0
-1100.0 0.0 400.0
-1100.0 0.0 500.0
-1100.0 0.0 600.0
-1100.0 0.0 700.0
-1100.0 0.0 800.0
-1100.0 0.0 900.0
-1100.0 0.0 1000.0
-1100.0 0.0 1100.0
-1100.0 0.0 1200.0
-1100.0 0.0 1300.0
-1100.0 0.0 1400.0
-1100.0 0.0 1500.0
-1100.0 0.0 1600.0
-1100.0 0.0 1700.0
-1100.0 0.0 1800.0
-1100.0 0.0 1900.0
-1100.0 0.0 2000.0
-1100.0 0.0 2100.0
-1100.0 0.0 2200.0
-1100.0 0.0 2300.0
-1100.0 0.0 2400.0
-1100.0 0.0 2500.0
-1100.0 0.0 2600.0
-1100.0 0.0 2700.0
-1100.0 0.0 2800.0
-1100.0 0.0 2900.0
-1100.0 0.0 3000.0
-1100.0 0.0 3100.0
-1100.0 0.0 3200.0
-1100.0 0.0 3300.0
-1100.0 0.0 3400.0
-1100.0 0.0 3500.0
-1100.0 0.0 3600.0
-1100.0 0.0 3700.0
-1100.0 0.0 3800.0
-1100.0 0.0 3900.0
-1100.0 0.0 4000.0
-1100.0 0.0 4100.0
-1100.0 0.0 4200.0
-1100.0 0.0 4300.0
-1100.0 0.0 4400.0
-1100.0 0.0 4500.0
-1100.0 0.0 4600.0
-1100.0 0.0 4700.0
-1100.0 0.0 4800.0
-1100.0 0.0 4900.0
-1100.0 0.0 5000.0
-1000.0 0.0 -1000.0
-1000.0 0.0 -900.0
-1000.0 0.0 -800.0
-1000.0 0.0 -700.0
-1000.0 0.0 -600.0
-1000.0 0.0 -500.0
-1000.0 0.0 -400.0
-1000.0 0.0 -300.0
-1000.0 0.0 -200.0
-1000.0 0.0 -100.0
-1000.0 0.0 0.0
-1000.0 0.0 100.0
-1000.0 0.0 200.0
-1000.0 0.0 300.0
-1000.0 0.0 400.0
-1000.0 0.0 500.0
-1000.0 0.0 600.0
-1000.0 0.0 700.0
-1000.0 0.0 800.0
-1000.0 0.0 900.0
-1000.0 0.0 1000.0
-1000.0 0.0 1100.0
-1000.0 0.0 1200.0
-1000.0 0.0 1300.0
-1000.0 0.0 1400.0
-1000.0 0.0 1500.0
-1000.0 0.0 1600.0
-1000.0 0.0 1700.0
-1000.0 0.0 1800.0
-1000.0 0.0 1900.0
-1000.0 0.0 2000.0
-1000.0 0.0 2100.0
-1000.0 0.0 2200.0
-1000.0 0.0 2300.0
-1000.0 0.0 2400.0
-1000.0 0.0 2500.0
-1000.0 0.0 2600.0
-1000.0 0.0 2700.0
-1000.0 0.0 2800.0
-1000.0 0.0 2900.0
-1000.0 0.0 3000.0
-1000.0 0.0 3100.0
-1000.0 0.0 3200.0
-1000.0 0.0 3300.0
-1000.0 0.0 3400.0
-1000.0 0.0 3500.0
-1000.0 0.0 3600.0
-1000.0 0.0 3700.0
-1000.0 0.0 3800.0
-1000.0 0.0 3900.0
-1000.0 0.0 4000.0
-1000.0 0.0 4100.0
-1000.0 0.0 4200.0
-1000.0 0.0 4300.0
-1000.0 0.0 4400.0
-1000.0 0.0 4500.0
-1000.0 0.0 4600.0
-1000.0 0.0 4700.0
-1000.0 0.0 4800.0
-1000.0 0.0 4900.0
-1000.0 0.0 5000.0
-900.0 0.0 -1000.0
-900.0 0.0 -900.0
-900.0 0.0 -800.0
-900.0 0.0 -700.0
-900.0 0.0 -600.0
-900.0 0.0 -500.0
-900.0 0.0 -400.0
-900.0 0.0 -300.0
-900.0 0.0 -200.0
-900.0 0.0 -100.0
-900.0 0.0 0.0
-900.0 0.0 100.0
-900.0 0.0 200.0
-900.0 0.0 300.0
-900.0 0.0 400.0
-900.0 0.0 500.0
-900.0 0.0 600.0
-900.0 0.0 700.0
-900.0 0.0 800.0
-900.0 0.0 900.0
-900.0 0.0 1000.0
-900.0 0.0 1100.0
-900.0 0.0 1200.0
-900.0 0.0 1300.0
-900.0 0.0 1400.0
-900.0 0.0 1500.0
-900.0 0.0 1600.0
-900.0 0.0 1700.0
-900.0 0.0 1800.0
-900.0 0.0 1900.0
-900.0 0.0 2000.0
-900.0 0.0 2100.0
-900.0 0.0 2200.0
-900.0 0.0 2300.0
-900.0 0.0 2400.0
-900.0 0.0 2500.0
-900.0 0.0 2600.0
-900.0 0.0 2700.0
-900.0 0.0 2800.0
-900.0 0.0 2900.0
-900.0 0.0 3000.0
-900.0 0.0 3100.0
-900.0 0.0 3200.0
-900.0 0.0 3300.0
-900.0 0.0 3400.0
-900.0 0.0 3500.0
-900.0 0.0 3600.0
-900.0 0.0 3700.0
-900.0 0.0 3800.0
-900.0 0.0 3900.0
-900.0 0.0 4000.0
-900.0 0.0 4100.0
-900.0 0.0 4200.0
-900.0 0.0 4300.0
-900.0 0.0 4400.0
-900.0 0.0 4500.0
-900.0 0.0 4600.0
-900.0 0.0 4700.0
-900.0 0.0 4800.0
-900.0 0.0 4900.0
-900.0 0.0 5000.0
-800.0 0.0 -1000.0
-800.0 0.0 -900.0
-800.0 0.0 -800.0
-800.0 0.0 -700.0
-800.0 0.0 -600.0
-800.0 0.0 -500.0
-800.0 0.0 -400.0
-800.0 0.0 -300.0
-800.0 0.0 -200.0
-800.0 0.0 -100.0
-800.0 0.0 0.0
-800.0 0.0 100.0
-800.0 0.0 200.0
-800.0 0.0 300.0
-800.0 0.0 400.0
-800.0 0.0 500.0
-800.0 0.0 600.0
-800.0 0.0 700.0
-800.0 0.0 800.0
-800.0 0.0 900.0
-800.0 0.0 1000.0
-800.0 0.0 1100.0
-800.0 0.0 1200.0
-800.0 0.0 1300.0
-800.0 0.0 1400.0
-800.0 0.0 1500.0
-800.0 0.0 1600.0
-800.0 0.0 1700.0
-800.0 0.0 1800.0
-800.0 0.0 1900.0
-800.0 0.0 2000.0
-800.0 0.0 2100.0
-800.0 0.0 2200.0
-800.0 0.0 2300.0
-800.0 0.0 2400.0
-800.0 0.0 2500.0
-800.0 0.0 2600.0
-800.0 0.0 2700.0
-800.0 0.0 2800.0
-800.0 0.0 2900.0
-800.0 0.0 3000.0
-800.0 0.0 3100.0
-800.0 0.0 3200.0
-800.0 0.0 3300.0
-800.0 0.0 3400.0
-800.0 0.0 3500.0
-800.0 0.0 3600.0
-800.0 0.0 3700.0
-800.0 0.0 3800.0
-800.0 0.0 3900.0
-800.0 0.0 4000.0
-800.0 0.0 4100.0
-800.0 0.0 4200.0
-800.0 0.0 4300.0
-800.0 0.0 4400.0
-800.0 0.0 4500.0
-800.0 0.0 4600.0
-800.0 0.0 4700.0
-800.0 0.0 4800.0
-800.0 0.0 4900.0
-800.0 0.0 5000.0
-700.0 0.0 -1000.0
-700.0 0.0 -900.0
-700.0 0.0 -800.0
-700.0 0.0 -700.0
-700.0 0.0 -600.0
-700.0 0.0 -500.0
-700.0 0.0 -400.0
-700.0 0.0 -300.0
-700.0 0.0 -200.0
-700.0 0.0 -100.0
-700.0 0.0 0.0
-700.0 0.0 100.0
-700.0 0.0 200.0
-700.0 0.0 300.0
-700.0 0.0 400.0
-700.0 0.0 500.0
-700.0 0.0 600.0
-700.0 0.0 700.0
-700.0 0.0 800.0
-700.0 0.0 900.0
-700.0 0.0 1000.0
-700.0 0.0 1100.0
-700.0 0.0 1200.0
-700.0 0.0 1300.0
-700.0 0.0 1400.0
-700.0 0.0 1500.0
-700.0 0.0 1600.0
-700.0 0.0 1700.0
-700.0 0.0 1800.0
-700.0 0.0 1900.0
-700.0 0.0 2000.0
-700.0 0.0 2100.0
-700.0 0.0 2200.0
-700.0 0.0 2300.0
-700.0 0.0 2400.0
-700.0 0.0 2500.0
-700.0 0.0 2600.0
-700.0 0.0 2700.0
-700.0 0.0 2800.0
-700.0 0.0 2900.0
-700.0 0.0 3000.0
-700.0 0.0 3100.0
-700.0 0.0 3200.0
-700.0 0.0 3300.0
-700.0 0.0 3400.0
-700.0 0.0 3500.0
-700.0 0.0 3600.0
-700.0 0.0 3700.0
-700.0 0.0 3800.0
-700.0 0.0 3900.0
-700.0 0.0 4000.0
-700.0 0.0 4100.0
-700.0 0.0 4200.0
-700.0 0.0 4300.0
-700.0 0.0 4400.0
-700.0 0.0 4500.0
-700.0 0.0 4600.0
-700.0 0.0 4700.0
-700.0 0.0 4800.0
-700.0 0.0 4900.0
-700.0 0.0 5000.0
-600.0 0.0 -1000.0
-600.0 0.0 -900.0
-600.0 0.0 -800.0
-600.0 0.0 -700.0
-600.0 0.0 -600.0
-600.0 0.0 -500.0
-600.0 0.0 -400.0
-600.0 0.0 -300.0
-600.0 0.0 -200.0
-600.0 0.0 -100.0
-600.0 0.0 0.0
-600.0 0.0 100.0
-600.0 0.0 200.0
-600.0 0.0 300.0
-600.0 0.0 400.0
-600.0 0.0 500.0
-600.0 0.0 600.0
-600.0 0.0 700.0
-600.0 0.0 800.0
-600.0 0.0 900.0
-600.0 0.0 1000.0
-600.0 0.0 1100.0
-600.0 0.0 1200.0
-600.0 0.0 1300.0
-600.0 0.0 1400.0
-600.0 0.0 1500.0
-600.0 0.0 1600.0
-600.0 0.0 1700.0
-600.0 0.0 1800.0
-600.0 0.0 1900.0
-600.0 0.0 2000.0
-600.0 0.0 2100.0
-600.0 0.0 2200.0
-600.0 0.0 2300.0
-600.0 0.0 2400.0
-600.0 0.0 2500.0
-600.0 0.0 2600.0
-600.0 0.0 2700.0
-600.0 0.0 2800.0
-600.0 0.0 2900.0
-600.0 0.0 3000.0
-600.0 0.0 3100.0
-600.0 0.0 3200.0
-600.0 0.0 3300.0
-600.0 0.0 3400.0
-600.0 0.0 3500.0
-600.0 0.0 3600.0
-600.0 0.0 3700.0
-600.0 0.0 3800.0
-600.0 0.0 3900.0
-600.0 0.0 4000.0
-600.0 0.0 4100.0
-600.0 0.0 4200.0
-600.0 0.0 4300.0
-600.0 0.0 4400.0
-600.0 0.0 4500.0
-600.0 0.0 4600.0
-600.0 0.0 4700.0
-600.0 0.0 4800.0
-600.0 0.0 4900.0
-600.0 0.0 5000.0
-500.0 0.0 -1000.0
-500.0 0.0 -900.0
-500.0 0.0 -800.0
-500.0 0.0 -700.0
-500.0 0.0 -600.0
-500.0 0.0 -500.0
-500.0 0.0 -400.0
-500.0 0.0 -300.0
-500.0 0.0 -200.0
-500.0 0.0 -100.0
-500.0 0.0 0.0
-500.0 0.0 100.0
-500.0 0.0 200.0
-500.0 0.0 300.0
-500.0 0.0 400.0
-500.0 0.0 500.0
-500.0 0.0 600.0
-500.0 0.0 700.0
-500.0 0.0 800.0
-500.0 0.0 900.0
-500.0 0.0 1000.0
-500.0 0.0 1100.0
-500.0 0.0 1200.0
-500.0 0.0 1300.0
-500.0 0.0 1400.0
-500.0 0.0 1500.0
-500.0 0.0 1600.0
-500.0 0.0 1700.0
-500.0 0.0 1800.0
-500.0 0.0 1900.0
-500.0 0.0 2000.0
-500.0 0.0 2100.0
-500.0 0.0 2200.0
-500.0 0.0 2300.0
-500.0 0.0 2400.0
-500.0 0.0 2500.0
-500.0 0.0 2600.0
-500.0 0.0 2700.0
-500.0 0.0 2800.0
-500.0 0.0 2900.0
-500.0 0.0 3000.0
-500.0 0.0 3100.0
-500.0 0.0 3200.0
-500.0 0.0 3300.0
-500.0 0.0 3400.0
-500.0 0.0 3500.0
-500.0 0.0 3600.0
-500.0 0.0 3700.0
-500.0 0.0 3800.0
-500.0 0.0 3900.0
-500.0 0.0 4000.0
-500.0 0.0 4100.0
-500.0 0.0 4200.0
-500.0 0.0 4300.0
-500.0 0.0 4400.0
-500.0 0.0 4500.0
-500.0 0.0 4600.0
-500.0 0.0 4700.0
-500.0 0.0 4800.0
-500.0 0.0 4900.0
-500.0 0.0 5000.0
-400.0 0.0 -1000.0
-400.0 0.0 -900.0
-400.0 0.0 -800.0
-400.0 0.0 -700.0
-400.0 0.0 -600.0
-400.0 0.0 -500.0
-400.0 0.0 -400.0
-400.0 0.0 -300.0
-400.0 0.0 -200.0
-400.0 0.0 -100.0
-400.0 0.0 0.0
-400.0 0.0 100.0
-400.0 0.0 200.0
-400.0 0.0 300.0
-400.0 0.0 400.0
-400.0 0.0 500.0
-400.0 0.0 600.0
-400.0 0.0 700.0
-400.0 0.0 800.0
-400.0 0.0 900.0
-400.0 0.0 1000.0
-400.0 0.0 1100.0
-400.0 0.0 1200.0
-400.0 0.0 1300.0
-400.0 0.0 1400.0
-400.0 0.0 1500.0
-400.0 0.0 1600.0
-400.0 0.0 1700.0
-400.0 0.0 1800.0
-400.0 0.0 1900.0
-400.0 0.0 2000.0
-400.0 0.0 2100.0
-400.0 0.0 2200.0
-400.0 0.0 2300.0
-400.0 0.0 2400.0
-400.0 0.0 2500.0
-400.0 0.0 2600.0
-400.0 0.0 2700.0
-400.0 0.0 2800.0
-400.0 0.0 2900.0
-400.0 0.0 3000.0
-400.0 0.0 3100.0
-400.0 0.0 3200.0
-400.0 0.0 3300.0
-400.0 0.0 3400.0
-400.0 0.0 3500.0
-400.0 0.0 3600.0
-400.0 0.0 3700.0
-400.0 0.0 3800.0
-400.0 0.0 3900.0
-400.0 0.0 4000.0
-400.0 0.0 4100.0
-400.0 0.0 4200.0
-400.0 0.0 4300.0
-400.0 0.0 4400.0
-400.0 0.0 4500.0
-400.0 0.0 4600.0
-400.0 0.0 4700.0
-400.0 0.0 4800.0
-400.0 0.0 4900.0
-400.0 0.0 5000.0
-300.0 0.0 -1000.0
-300.0 0.0 -900.0
-300.0 0.0 -800.0
-300.0 0.0 -700.0
-300.0 0.0 -600.0
-300.0 0.0 -500.0
-300.0 0.0 -400.0
-300.0 0.0 -300.0
-300.0 0.0 -200.0
-300.0 0.0 -100.0
-300.0 0.0 0.0
-300.0 0.0 100.0
-300.0 0.0 200.0
-300.0 0.0 300.0
-300.0 0.0 400.0
-300.0 0.0 500.0
-300.0 0.0 600.0
-300.0 0.0 700.0
-300.0 0.0 800.0
-300.0 0.0 900.0
-300.0 0.0 1000.0
-300.0 0.0 1100.0
-300.0 0.0 1200.0
-300.0 0.0 1300.0
-300.0 0.0 1400.0
-300.0 0.0 1500.0
-300.0 0.0 1600.0
-300.0 0.0 1700.0
-300.0 0.0 1800.0
-300.0 0.0 1900.0
-300.0 0.0 2000.0
-300.0 0.0 2100.0
-300.0 0.0 2200.0
-300.0 0.0 2300.0
-300.0 0.0 2400.0
-300.0 0.0 2500.0
-300.0 0.0 2600.0
-300.0 0.0 2700.0
-300.0 0.0 2800.0
-300.0 0.0 2900.0
-300.0 0.0 3000.0
-300.0 0.0 3100.0
-300.0 0.0 3200.0
-300.0 0.0 3300.0
-300.0 0.0 3400.0
-300.0 0.0 3500.0
-300.0 0.0 3600.0
-300.0 0.0 3700.0
-300.0 0.0 3800.0
-300.0 0.0 3900.0
-300.0 0.0 4000.0
-300.0 0.0 4100.0
-300.0 0.0 4200.0
-300.0 0.0 4300.0
-300.0 0.0 4400.0
-300.0 0.0 4500.0
-300.0 0.0 4600.0
-300.0 0.0 4700.0
-300.0 0.0 4800.0
-300.0 0.0 4900.0
-300.0 0.0 5000.0
-200.0 0.0 -1000.0
-200.0 0.0 -900.0
-200.0 0.0 -800.0
-200.0 0.0 -700.0
-200.0 0.0 -600.0
-200.0 0.0 -500.0
-200.0 0.0 -400.0
-200.0 0.0 -300.0
-200.0 0.0 -200.0
-200.0 0.0 -100.0
-200.0 0.0 0.0
-200.0 0.0 100.0
-200.0 0.0 200.0
-200.0 0.0 300.0
-200.0 0.0 400.0
-200.0 0.0 500.0
-200.0 0.0 600.0
-200.0 0.0 700.0
-200.0 0.0 800.0
-200.0 0.0 900.0
-200.0 0.0 1000.0
-200.0 0.0 1100.0
-200.0 0.0 1200.0
-200.0 0.0 1300.0
-200.0 0.0 1400.0
-200.0 0.0 1500.0
-200.0 0.0 1600.0
-200.0 0.0 1700.0
-200.0 0.0 1800.0
-200.0 0.0 1900.0
-200.0 0.0 2000.0
-200.0 0.0 2100.0
-200.0 0.0 2200.0
-200.0 0.0 2300.0
-200.0 0.0 2400.0
-200.0 0.0 2500.0
-200.0 0.0 2600.0
-200.0 0.0 2700.0
-200.0 0.0 2800.0
-200.0 0.0 2900.0
-200.0 0.0 3000.0
-200.0 0.0 3100.0
-200.0 0.0 3200.0
-200.0 0.0 3300.0
-200.0 0.0 3400.0
-200.0 0.0 3500.0
-200.0 0.0 3600.0
-200.0 0.0 3700.0
-200.0 0.0 3800.0
-200.0 0.0 3900.0
-200.0 0.0 4000.0
-200.0 0.0 4100.0
-200.0 0.0 4200.0
-200.0 0.0 4300.0
-200.0 0.0 4400.0
-200.0 0.0 4500.0
-200.0 0.0 4600.0
-200.0 0.0 4700.0
-200.0 0.0 4800.0
-200.0 0.0 4900.0
-200.0 0.0 5000.0
-100.0 0.0 -1000.0
-100.0 0.0 -900.0
-100.0 0.0 -800.0
-100.0 0.0 -700.0
-100.0 0.0 -600.0
-100.0 0.0 -500.0
-100.0 0.0 -400.0
-100.0 0.0 -300.0
-100.0 0.0 -200.0
-100.0 0.0 -100.0
-100.0 0.0 0.0
-100.0 0.0 100.0
-100.0 0.0 200.0
-100.0 0.0 300.0
-100.0 0.0 400.0
-100.0 0.0 500.0
-100.0 0.0 600.0
-100.0 0.0 700.0
-100.0 0.0 800.0
-100.0 0.0 900.0
-100.0 0.0 1000.0
-100.0 0.0 1100.0
-100.0 0.0 1200.0
-100.0 0.0 1300.0
-100.0 0.0 1400.0
-100.0 0.0 1500.0
-100.0 0.0 1600.0
-100.0 0.0 1700.0
-100.0 0.0 1800.0
-100.0 0.0 1900.0
-100.0 0.0 2000.0
-100.0 0.0 2100.0
-100.0 0.0 2200.0
-100.0 0.0 2300.0
-100.0 0.0 2400.0
-100.0 0.0 2500.0
-100.0 0.0 2600.0
-100.0 0.0 2700.0
-100.0 0.0 2800.0
-100.0 0.0 2900.0
-100.0 0.0 3000.0
-100.0 0.0 3100.0
-100.0 0.0 3200.0
-100.0 0.0 3300.0
-100.0 0.0 3400.0
-100.0 0.0 3500.0
-100.0 0.0 3600.0
-100.0 0.0 3700.0
-100.0 0.0 3800.0
-100.0 0.0 3900.0
-100.0 0.0 4000.0
-100.0 0.0 4100.0
-100.0 0.0 4200.0
-100.0 0.0 4300.0
-100.0 0.0 4400.0
-100.0 0.0 4500.0
-100.0 0.0 4600.0
-100.0 0.0 4700.0
-100.0 0.0 4800.0
-100.0 0.0 4900.0
-100.0 0.0 5000.0
0.0 0.0 -1000.0
0.0 0.0 -900.0
0.0 0.0 -800.0
0.0 0.0 -700.0
0.0 0.0 -600.0
0.0 0.0 -500.0
0.0 0.0 -400.0
0.0 0.0 -300.0
0.0 0.0 -200.0
0.0 0.0 -100.0
0.0 0.0 0.0
0.0 0.0 100.0
0.0 0.0 200.0
0.0 0.0 300.0
0.0 0.0 400.0
0.0 0.0 500.0
0.0 0.0 600.0
0.0 0.0 700.0
0.0 0.0 800.0
0.0 0.0 900.0
0.0 0.0 1000.0
0.0 0.0 1100.0
0.0 0.0 1200.0
0.0 0.0 1300.0
0.0 0.0 1400.0
0.0 0.0 1500.0
0.0 0.0 1600.0
0.0 0.0 1700.0
0.0 0.0 1800.0
0.0 0.0 1900.0
0.0 0.0 2000.0
0.0 0.0 2100.0
0.0 0.0 2200.0
0.0 0.0 2300.0
0.0 0.0 2400.0
0.0 0.0 2500.0
0.0 0.0 2600.0
0.0 0.0 2700.0
0.0 0.0 2800.0
0.0 0.0 2900.0
0.0 0.0 3000.0
0.0 0.0 3100.0
0.0 0.0 3200.0
0.0 0.0 3300.0
0.0 0.0 3400.0
0.0 0.0 3500.0
0.0 0.0 3600.0
0.0 0.0 3700.0
0.0 0.0 3800.0
0.0 0.0 3900.0
0.0 0.0 4000.0
0.0 0.0 4100.0
0.0 0.0 4200.0
0.0 0.0 4300.0
0.0 0.0 4400.0
0.0 0.0 4500.0
0.0 0.0 4600.0
0.0 0.0 4700.0
0.0 0.0 4800.0
0.0 0.0 4900.0
0.0 0.0 5000.0
100.0 0.0 -1000.0
100.0 0.0 -900.0
100.0 0.0 -800.0
100.0 0.0 -700.0
100.0 0.0 -600.0
100.0 0.0 -500.0
100.0 0.0 -400.0
100.0 0.0 -300.0
100.0 0.0 -200.0
100.0 0.0 -100.0
100.0 0.0 0.0
100.0 0.0 100.0
100.0 0.0 200.0
100.0 0.0 300.0
100.0 0.0 400.0
100.0 0.0 500.0
100.0 0.0 600.0
100.0 0.0 700.0
100.0 0.0 800.0
100.0 0.0 900.0
100.0 0.0 1000.0
100.0 0.0 1100.0
100.0 0.0 1200.0
100.0 0.0 1300.0
100.0 0.0 1400.0
100.0 0.0 1500.0
100.0 0.0 1600.0
100.0 0.0 1700.0
100.0 0.0 1800.0
100.0 0.0 1900.0
100.0 0.0 2000.0
100.0 0.0 2100.0
100.0 0.0 2200.0
100.0 0.0 2300.0
100.0 0.0 2400.0
100.0 0.0 2500.0
100.0 0.0 2600.0
100.0 0.0 2700.0
100.0 0.0 2800.0
100.0 0.0 2900.0
100.0 0.0 3000.0
100.0 0.0 3100.0
100.0 0.0 3200.0
100.0 0.0 3300.0
100.0 0.0 3400.0
100.0 0.0 3500.0
100.0 0.0 3600.0
100.0 0.0 3700.0
100.0 0.0 3800.0
100.0 0.0 3900.0
100.0 0.0 4000.0
100.0 0.0 4100.0
100.0 0.0 4200.0
100.0 0.0 4300.0
100.0 0.0 4400.0
100.0 0.0 4500.0
100.0 0.0 4600.0
100.0 0.0 4700.0
100.0 0.0 4800.0
100.0 0.0 4900.0
100.0 0.0 5000.0
200.0 0.0 -1000.0
200.0 0.0 -900.0
200.0 0.0 -800.0
200.0 0.0 -700.0
200.0 0.0 -600.0
200.0 0.0 -500.0
200.0 0.0 -400.0
200.0 0.0 -300.0
200.0 0.0 -200.0
200.0 0.0 -100.0
200.0 0.0 0.0
200.0 0.0 100.0
200.0 0.0 200.0
200.0 0.0 300.0
200.0 0.0 400.0
200.0 0.0 500.0
200.0 0.0 600.0
200.0 0.0 700.0
200.0 0.0 800.0
200.0 0.0 900.0
200.0 0.0 1000.0
200.0 0.0 1100.0
200.0 0.0 1200.0
200.0 0.0 1300.0
200.0 0.0 1400.0
200.0 0.0 1500.0
200.0 0.0 1600.0
200.0 0.0 1700.0
200.0 0.0 1800.0
200.0 0.0 1900.0
200.0 0.0 2000.0
200.0 0.0 2100.0
200.0 0.0 2200.0
200.0 0.0 2300.0
200.0 0.0 2400.0
200.0 0.0 2500.0
200.0 0.0 2600.0
200.0 0.0 2700.0
200.0 0.0 2800.0
200.0 0.0 2900.0
200.0 0.0 3000.0
200.0 0.0 3100.0
200.0 0.0 3200.0
200.0 0.0 3300.0
200.0 0.0 3400.0
200.0 0.0 3500.0
200.0 0.0 3600.0
200.0 0.0 3700.0
200.0 0.0 3800.0
200.0 0.0 3900.0
200.0 0.0 4000.0
200.0 0.0 4100.0
200.0 0.0 4200.0
200.0 0.0 4300.0
200.0 0.0 4400.0
200.0 0.0 4500.0
200.0 0.0 4600.0
200.0 0.0 4700.0
200.0 0.0 4800.0
200.0 0.0 4900.0
200.0 0.0 5000.0
300.0 0.0 -1000.0
300.0 0.0 -900.0
300.0 0.0 -800.0
300.0 0.0 -700.0
300.0 0.0 -600.0
300.0 0.0 -500.0
300.0 0.0 -400.0
300.0 0.0 -300.0
300.0 0.0 -200.0
300.0 0.0 -100.0
300.0 0.0 0.0
300.0 0.0 100.0
300.0 0.0 200.0
300.0 0.0 300.0
300.0 0.0 400.0
300.0 0.0 500.0
300.0 0.0 600.0
300.0 0.0 700.0
300.0 0.0 800.0
300.0 0.0 900.0
300.0 0.0 1000.0
300.0 0.0 1100.0
300.0 0.0 1200.0
300.0 0.0 1300.0
300.0 0.0 1400.0
300.0 0.0 1500.0
300.0 0.0 1600.0
300.0 0.0 1700.0
300.0 0.0 1800.0
300.0 0.0 1900.0
300.0 0.0 2000.0
300.0 0.0 2100.0
300.0 0.0 2200.0
300.0 0.0 2300.0
300.0 0.0 2400.0
300.0 0.0 2500.0
300.0 0.0 2600.0
300.0 0.0 2700.0
300.0 0.0 2800.0
300.0 0.0 2900.0
300.0 0.0 3000.0
300.0 0.0 3100.0
300.0 0.0 3200.0
300.0 0.0 3300.0
300.0 0.0 3400.0
300.0 0.0 3500.0
300.0 0.0 3600.0
300.0 0.0 3700.0
300.0 0.0 3800.0
300.0 0.0 3900.0
300.0 0.0 4000.0
300.0 0.0 4100.0
300.0 0.0 4200.0
300.0 0.0 4300.0
300.0 0.0 4400.0
300.0 0.0 4500.0
300.0 0.0 4600.0
300.0 0.0 4700.0
300.0 0.0 4800.0
300.0 0.0 4900.0
300.0 0.0 5000.0
400.0 0.0 -1000.0
400.0 0.0 -900.0
400.0 0.0 -800.0
400.0 0.0 -700.0
400.0 0.0 -600.0
400.0 0.0 -500.0
400.0 0.0 -400.0
400.0 0.0 -300.0
400.0 0.0 -200.0
400.0 0.0 -100.0
400.0 0.0 0.0
400.0 0.0 100.0
400.0 0.0 200.0
400.0 0.0 300.0
400.0 0.0 400.0
400.0 0.0 500.0
400.0 0.0 600.0
400.0 0.0 700.0
400.0 0.0 800.0
400.0 0.0 900.0
400.0 0.0 1000.0
400.0 0.0 1100.0
400.0 0.0 1200.0
400.0 0.0 1300.0
400.0 0.0 1400.0
400.0 0.0 1500.0
400.0 0.0 1600.0
400.0 0.0 1700.0
400.0 0.0 1800.0
400.0 0.0 1900.0
400.0 0.0 2000.0
400.0 0.0 2100.0
400.0 0.0 2200.0
400.0 0.0 2300.0
400.0 0.0 2400.0
400.0 0.0 2500.0
400.0 0.0 2600.0
400.0 0.0 2700.0
400.0 0.0 2800.0
400.0 0.0 2900.0
400.0 0.0 3000.0
400.0 0.0 3100.0
400.0 0.0 3200.0
400.0 0.0 3300.0
400.0 0.0 3400.0
400.0 0.0 3500.0
400.0 0.0 3600.0
400.0 0.0 3700.0
400.0 0.0 3800.0
400.0 0.0 3900.0
400.0 0.0 4000.0
400.0 0.0 4100.0
400.0 0.0 4200.0
400.0 0.0 4300.0
400.0 0.0 4400.0
400.0 0.0 4500.0
400.0 0.0 4600.0
400.0 0.0 4700.0
400.0 0.0 4800.0
400.0 0.0 4900.0
400.0 0.0 5000.0
500.0 0.0 -1000.0
500.0 0.0 -900.0
500.0 0.0 -800.0
500.0 0.0 -700.0
500.0 0.0 -600.0
500.0 0.0 -500.0
500.0 0.0 -400.0
500.0 0.0 -300.0
500.0 0.0 -200.0
500.0 0.0 -100.0
500.0 0.0 0.0
500.0 0.0 100.0
500.0 0.0 200.0
500.0 0.0 300.0
500.0 0.0 400.0
500.0 0.0 500.0
500.0 0.0 600.0
500.0 0.0 700.0
500.0 0.0 800.0
500.0 0.0 900.0
500.0 0.0 1000.0
500.0 0.0 1100.0
500.0 0.0 1200.0
500.0 0.0 1300.0
500.0 0.0 1400.0
500.0 0.0 1500.0
500.0 0.0 1600.0
500.0 0.0 1700.0
500.0 0.0 1800.0
500.0 0.0 1900.0
500.0 0.0 2000.0
500.0 0.0 2100.0
500.0 0.0 2200.0
500.0 0.0 2300.0
500.0 0.0 2400.0
500.0 0.0 2500.0
500.0 0.0 2600.0
500.0 0.0 2700.0
500.0 0.0 2800.0
500.0 0.0 2900.0
500.0 0.0 3000.0
500.0 0.0 3100.0
500.0 0.0 3200.0
500.0 0.0 3300.0
500.0 0.0 3400.0
500.0 0.0 3500.0
500.0 0.0 3600.0
500.0 0.0 3700.0
500.0 0.0 3800.0
500.0 0.0 3900.0
500.0 0.0 4000.0
500.0 0.0 4100.0
500.0 0.0 4200.0
500.0 0.0 4300.0
500.0 0.0 4400.0
500.0 0.0 4500.0
500.0 0.0 4600.0
500.0 0.0 4700.0
500.0 0.0 4800.0
500.0 0.0 4900.0
500.0 0.0 5000.0
600.0 0.0 -1000.0
600.0 0.0 -900.0
600.0 0.0 -800.0
600.0 0.0 -700.0
600.0 0.0 -600.0
600.0 0.0 -500.0
600.0 0.0 -400.0
600.0 0.0 -300.0
600.0 0.0 -200.0
600.0 0.0 -100.0
600.0 0.0 0.0
600.0 0.0 100.0
600.0 0.0 200.0
600.0 0.0 300.0
600.0 0.0 400.0
600.0 0.0 500.0
600.0 0.0 600.0
600.0 0.0 700.0
600.0 0.0 800.0
600.0 0.0 900.0
600.0 0.0 1000.0
600.0 0.0 1100.0
600.0 0.0 1200.0
600.0 0.0 1300.0
600.0 0.0 1400.0
600.0 0.0 1500.0
600.0 0.0 1600.0
600.0 0.0 1700.0
600.0 0.0 1800.0
600.0 0.0 1900.0
600.0 0.0 2000.0
600.0 0.0 2100.0
600.0 0.0 2200.0
600.0 0.0 2300.0
600.0 0.0 2400.0
600.0 0.0 2500.0
600.0 0.0 2600.0
600.0 0.0 2700.0
600.0 0.0 2800.0
600.0 0.0 2900.0
600.0 0.0 3000.0
600.0 0.0 3100.0
600.0 0.0 3200.0
600.0 0.0 3300.0
600.0 0.0 3400.0
600.0 0.0 3500.0
600.0 0.0 3600.0
600.0 0.0 3700.0
600.0 0.0 3800.0
600.0 0.0 3900.0
600.0 0.0 4000.0
600.0 0.0 4100.0
600.0 0.0 4200.0
600.0 0.0 4300.0
600.0 0.0 4400.0
600.0 0.0 4500.0
600.0 0.0 4600.0
600.0 0.0 4700.0
600.0 0.0 4800.0
600.0 0.0 4900.0
600.0 0.0 5000.0
700.0 0.0 -1000.0
700.0 0.0 -900.0
700.0 0.0 -800.0
700.0 0.0 -700.0
700.0 0.0 -600.0
700.0 0.0 -500.0
700.0 0.0 -400.0
700.0 0.0 -300.0
700.0 0.0 -200.0
700.0 0.0 -100.0
700.0 0.0 0.0
700.0 0.0 100.0
700.0 0.0 200.0
700.0 0.0 300.0
700.0 0.0 400.0
700.0 0.0 500.0
700.0 0.0 600.0
700.0 0.0 700.0
700.0 0.0 800.0
700.0 0.0 900.0
700.0 0.0 1000.0
700.0 0.0 1100.0
700.0 0.0 1200.0
700.0 0.0 1300.0
700.0 0.0 1400.0
700.0 0.0 1500.0
700.0 0.0 1600.0
700.0 0.0 1700.0
700.0 0.0 1800.0
700.0 0.0 1900.0
700.0 0.0 2000.0
700.0 0.0 2100.0
700.0 0.0 2200.0
700.0 0.0 2300.0
700.0 0.0 2400.0
700.0 0.0 2500.0
700.0 0.0 2600.0
700.0 0.0 2700.0
700.0 0.0 2800.0
700.0 0.0 2900.0
700.0 0.0 3000.0
700.0 0.0 3100.0
700.0 0.0 3200.0
700.0 0.0 3300.0
700.0 0.0 3400.0
700.0 0.0 3500.0
700.0 0.0 3600.0
700.0 0.0 3700.0
700.0 0.0 3800.0
700.0 0.0 3900.0
700.0 0.0 4000.0
700.0 0.0 4100.0
700.0 0.0 4200.0
700.0 0.0 4300.0
700.0 0.0 4400.0
700.0 0.0 4500.0
700.0 0.0 4600.0
700.0 0.0 4700.0
700.0 0.0 4800.0
700.0 0.0 4900.0
700.0 0.0 5000.0
800.0 0.0 -1000.0
800.0 0.0 -900.0
800.0 0.0 -800.0
800.0 0.0 -700.0
800.0 0.0 -600.0
800.0 0.0 -500.0
800.0 0.0 -400.0
800.0 0.0 -300.0
800.0 0.0 -200.0
800.0 0.0 -100.0
800.0 0.0 0.0
800.0 0.0 100.0
800.0 0.0 200.0
800.0 0.0 300.0
800.0 0.0 400.0
800.0 0.0 500.0
800.0 0.0 600.0
800.0 0.0 700.0
800.0 0.0 800.0
800.0 0.0 900.0
800.0 0.0 1000.0
800.0 0.0 1100.0
800.0 0.0 1200.0
800.0 0.0 1300.0
800.0 0.0 1400.0
800.0 0.0 1500.0
800.0 0.0 1600.0
800.0 0.0 1700.0
800.0 0.0 1800.0
800.0 0.0 1900.0
800.0 0.0 2000.0
800.0 0.0 2100.0
800.0 0.0 2200.0
800.0 0.0 2300.0
800.0 0.0 2400.0
800.0 0.0 2500.0
800.0 0.0 2600.0
800.0 0.0 2700.0
800.0 0.0 2800.0
800.0 0.0 2900.0
800.0 0.0 3000.0
800.0 0.0 3100.0
800.0 0.0 3200.0
800.0 0.0 3300.0
800.0 0.0 3400.0
800.0 0.0 3500.0
800.0 0.0 3600.0
800.0 0.0 3700.0
800.0 0.0 3800.0
800.0 0.0 3900.0
800.0 0.0 4000.0
800.0 0.0 4100.0
800.0 0.0 4200.0
800.0 0.0 4300.0
800.0 0.0 4400.0
800.0 0.0 4500.0
800.0 0.0 4600.0
800.0 0.0 4700.0
800.0 0.0 4800.0
800.0 0.0 4900.0
800.0 0.0 5000.0
900.0 0.0 -1000.0
900.0 0.0 -900.0
900.0 0.0 -800.0
900.0 0.0 -700.0
900.0 0.0 -600.0
900.0 0.0 -500.0
900.0 0.0 -400.0
900.0 0.0 -300.0
900.0 0.0 -200.0
900.0 0.0 -100.0
900.0 0.0 0.0
900.0 0.0 100.0
900.0 0.0 200.0
900.0 0.0 300.0
900.0 0.0 400.0
900.0 0.0 500.0
900.0 0.0 600.0
900.0 0.0 700.0
900.0 0.0 800.0
900.0 0.0 900.0
900.0 0.0 1000.0
900.0 0.0 1100.0
900.0 0.0 1200.0
900.0 0.0 1300.0
900.0 0.0 1400.0
900.0 0.0 1500.0
900.0 0.0 1600.0
900.0 0.0 1700.0
900.0 0.0 1800.0
900.0 0.0 1900.0
900.0 0.0 2000.0
900.0 0.0 2100.0
900.0 0.0 2200.0
900.0 0.0 2300.0
900.0 0.0 2400.0
900.0 0.0 2500.0
900.0 0.0 2600.0
900.0 0.0 2700.0
900.0 0.0 2800.0
900.0 0.0 2900.0
900.0 0.0 3000.0
900.0 0.0 3100.0
900.0 0.0 3200.0
900.0 0.0 3300.0
900.0 0.0 3400.0
900.0 0.0 3500.0
900.0 0.0 3600.0
900.0 0.0 3700.0
900.0 0.0 3800.0
900.0 0.0 3900.0
900.0 0.0 4000.0
900.0 0.0 4100.0
900.0 0.0 4200.0
900.0 0.0 4300.0
900.0 0.0 4400.0
900.0 0.0 4500.0
900.0 0.0 4600.0
900.0 0.0 4700.0
900.0 0.0 4800.0
900.0 0.0 4900.0
900.0 0.0 5000.0
1000.0 0.0 -1000.0
1000.0 0.0 -900.0
1000.0 0.0 -800.0
1000.0 0.0 -700.0
1000.0 0.0 -600.0
1000.0 0.0 -500.0
1000.0 0.0 -400.0
1000.0 0.0 -300.0
1000.0 0.0 -200.0
1000.0 0.0 -100.0
1000.0 0.0 0.0
1000.0 0.0 100.0
1000.0 0.0 200.0
1000.0 0.0 300.0
1000.0 0.0 400.0
1000.0 0.0 500.0
1000.0 0.0 600.0
1000.0 0.0 700.0
1000.0 0.0 800.0
1000.0 0.0 900.0
1000.0 0.0 1000.0
1000.0 0.0 1100.0
1000.0 0.0 1200.0
1000.0 0.0 1300.0
1000.0 0.0 1400.0
1000.0 0.0 1500.0
1000.0 0.0 1600.0
1000.0 0.0 1700.0
1000.0 0.0 1800.0
1000.0 0.0 1900.0
1000.0 0.0 2000.0
1000.0 0.0 2100.0
1000.0 0.0 2200.0
1000.0 0.0 2300.0
1000.0 0.0 2400.0
1000.0 0.0 2500.0
1000.0 0.0 2600.0
1000.0 0.0 2700.0
1000.0 0.0 2800.0
1000.0 0.0 2900.0
1000.0 0.0 3000.0
1000.0 0.0 3100.0
1000.0 0.0 3200.0
1000.0 0.0 3300.0
1000.0 0.0 3400.0
1000.0 0.0 3500.0
1000.0 0.0 3600.0
1000.0 0.0 3700.0
1000.0 0.0 3800.0
1000.0 0.0 3900.0
1000.0 0.0 4000.0
1000.0 0.0 4100.0
1000.0 0.0 4200.0
1000.0 0.0 4300.0
1000.0 0.0 4400.0
1000.0 0.0 4500.0
1000.0 0.0 4600.0
1000.0 0.0 4700.0
1000.0 0.0 4800.0
1000.0 0.0 4900.0
1000.0 0.0 5000.0
1100.0 0.0 -1000.0
1100.0 0.0 -900.0
1100.0 0.0 -800.0
1100.0 0.0 -700.0
1100.0 0.0 -600.0
1100.0 0.0 -500.0
1100.0 0.0 -400.0
1100.0 0.0 -300.0
1100.0 0.0 -200.0
1100.0 0.0 -100.0
1100.0 0.0 0.0
1100.0 0.0 100.0
1100.0 0.0 200.0
1100.0 0.0 300.0
1100.0 0.0 400.0
1100.0 0.0 500.0
1100.0 0.0 600.0
1100.0 0.0 700.0
1100.0 0.0 800.0
1100.0 0.0 900.0
1100.0 0.0 1000.0
1100.0 0.0 1100.0
1100.0 0.0 1200.0
1100.0 0.0 1300.0
1100.0 0.0 1400.0
1100.0 0.0 1500.0
1100.0 0.0 1600.0
1100.0 0.0 1700.0
1100.0 0.0 1800.0
1100.0 0.0 1900.0
1100.0 0.0 2000.0
1100.0 0.0 2100.0
1100.0 0.0 2200.0
1100.0 0.0 2300.0
1100.0 0.0 2400.0
1100.0 0.0 2500.0
1100.0 0.0 2600.0
1100.0 0.0 2700.0
1100.0 0.0 2800.0
1100.0 0.0 2900.0
1100.0 0.0 3000.0
1100.0 0.0 3100.0
1100.0 0.0 3200.0
1100.0 0.0 3300.0
1100.0 0.0 3400.0
1100.0 0.0 3500.0
1100.0 0.0 3600.0
1100.0 0.0 3700.0
1100.0 0.0 3800.0
1100.0 0.0 3900.0
1100.0 0.0 4000.0
1100.0 0.0 4100.0
1100.0 0.0 4200.0
1100.0 0.0 4300.0
1100.0 0.0 4400.0
1100.0 0.0 4500.0
1100.0 0.0 4600.0
1100.0 0.0 4700.0
1100.0 0.0 4800.0
1100.0 0.0 4900.0
1100.0 0.0 5000.0
1200.0 0.0 -1000.0
1200.0 0.0 -900.0
1200.0 0.0 -800.0
1200.0 0.0 -700.0
1200.0 0.0 -600.0
1200.0 0.0 -500.0
1200.0 0.0 -400.0
1200.0 0.0 -300.0
1200.0 0.0 -200.0
1200.0 0.0 -100.0
1200.0 0.0 0.0
1200.0 0.0 100.0
1200.0 0.0 200.0
1200.0 0.0 300.0
1200.0 0.0 400.0
1200.0 0.0 500.0
1200.0 0.0 600.0
1200.0 0.0 700.0
1200.0 0.0 800.0
1200.0 0.0 900.0
1200.0 0.0 1000.0
1200.0 0.0 1100.0
1200.0 0.0 1200.0
1200.0 0.0 1300.0
1200.0 0.0 1400.0
1200.0 0.0 1500.0
1200.0 0.0 1600.0
1200.0 0.0 1700.0
1200.0 0.0 1800.0
1200.0 0.0 1900.0
1200.0 0.0 2000.0
1200.0 0.0 2100.0
1200.0 0.0 2200.0
1200.0 0.0 2300.0
1200.0 0.0 2400.0
1200.0 0.0 2500.0
1200.0 0.0 2600.0
1200.0 0.0 2700.0
1200.0 0.0 2800.0
1200.0 0.0 2900.0
1200.0 0.0 3000.0
1200.0 0.0 3100.0
1200.0 0.0 3200.0
1200.0 0.0 3300.0
1200.0 0.0 3400.0
1200.0 0.0 3500.0
1200.0 0.0 3600.0
1200.0 0.0 3700.0
1200.0 0.0 3800.0
1200.0 0.0 3900.0
1200.0 0.0 4000.0
1200.0 0.0 4100.0
1200.0 0.0 4200.0
1200.0 0.0 4300.0
1200.0 0.0 4400.0
1200.0 0.0 4500.0
1200.0 0.0 4600.0
1200.0 0.0 4700.0
1200.0 0.0 4800.0
1200.0 0.0 4900.0
1200.0 0.0 5000.0
1300.0 0.0 -1000.0
1300.0 0.0 -900.0
1300.0 0.0 -800.0
1300.0 0.0 -700.0
1300.0 0.0 -600.0
1300.0 0.0 -500.0
1300.0 0.0 -400.0
1300.0 0.0 -300.0
1300.0 0.0 -200.0
1300.0 0.0 -100.0
1300.0 0.0 0.0
1300.0 0.0 100.0
1300.0 0.0 200.0
1300.0 0.0 300.0
1300.0 0.0 400.0
1300.0 0.0 500.0
1300.0 0.0 600.0
1300.0 0.0 700.0
1300.0 0.0 800.0
1300.0 0.0 900.0
1300.0 0.0 1000.0
1300.0 0.0 1100.0
1300.0 0.0 1200.0
1300.0 0.0 1300.0
1300.0 0.0 1400.0
1300.0 0.0 1500.0
1300.0 0.0 1600.0
1300.0 0.0 1700.0
1300.0 0.0 1800.0
1300.0 0.0 1900.0
1300.0 0.0 2000.0
1300.0 0.0 2100.0
1300.0 0.0 2200.0
1300.0 0.0 2300.0
1300.0 0.0 2400.0
1300.0 0.0 2500.0
1300.0 0.0 2600.0
1300.0 0.0 2700.0
1300.0 0.0 2800.0
1300.0 0.0 2900.0
1300.0 0.0 3000.0
1300.0 0.0 3100.0
1300.0 0.0 3200.0
1300.0 0.0 3300.0
1300.0 0.0 3400.0
1300.0 0.0 3500.0
1300.0 0.0 3600.0
1300.0 0.0 3700.0
1300.0 0.0 3800.0
1300.0 0.0 3900.0
1300.0 0.0 4000.0
1300.0 0.0 4100.0
1300.0 0.0 4200.0
1300.0 0.0 4300.0
1300.0 0.0 4400.0
1300.0 0.0 4500.0
1300.0 0.0 4600.0
1300.0 0.0 4700.0
1300.0 0.0 4800.0
1300.0 0.0 4900.0
1300.0 0.0 5000.0
1400.0 0.0 -1000.0
1400.0 0.0 -900.0
1400.0 0.0 -800.0
1400.0 0.0 -700.0
1400.0 0.0 -600.0
1400.0 0.0 -500.0
1400.0 0.0 -400.0
1400.0 0.0 -300.0
1400.0 0.0 -200.0
1400.0 0.0 -100.0
1400.0 0.0 0.0
1400.0 0.0 100.0
1400.0 0.0 200.0
1400.0 0.0 300.0
1400.0 0.0 400.0
1400.0 0.0 500.0
1400.0 0.0 600.0
1400.0 0.0 700.0
1400.0 0.0 800.0
1400.0 0.0 900.0
1400.0 0.0 1000.0
1400.0 0.0 1100.0
1400.0 0.0 1200.0
1400.0 0.0 1300.0
1400.0 0.0 1400.0
1400.0 0.0 1500.0
1400.0 0.0 1600.0
1400.0 0.0 1700.0
1400.0 0.0 1800.0
1400.0 0.0 1900.0
1400.0 0.0 2000.0
1400.0 0.0 2100.0
1400.0 0.0 2200.0
1400.0 0.0 2300.0
1400.0 0.0 2400.0
1400.0 0.0 2500.0
1400.0 0.0 2600.0
1400.0 0.0 2700.0
1400.0 0.0 2800.0
1400.0 0.0 2900.0
1400.0 0.0 3000.0
1400.0 0.0 3100.0
1400.0 0.0 3200.0
1400.0 0.0 3300.0
1400.0 0.0 3400.0
1400.0 0.0 3500.0
1400.0 0.0 3600.0
1400.0 0.0 3700.0
1400.0 0.0 3800.0
1400.0 0.0 3900.0
1400.0 0.0 4000.0
1400.0 0.0 4100.0
1400.0 0.0 4200.0
1400.0 0.0 4300.0
1400.0 0.0 4400.0
1400.0 0.0 4500.0
1400.0 0.0 4600.0
1400.0 0.0 4700.0
1400.0 0.0 4800.0
1400.0 0.0 4900.0
1400.0 0.0 5000.0
1500.0 0.0 -1000.0
1500.0 0.0 -900.0
1500.0 0.0 -800.0
1500.0 0.0 -700.0
1500.0 0.0 -600.0
1500.0 0.0 -500.0
1500.0 0.0 -400.0
1500.0 0.0 -300.0
1500.0 0.0 -200.0
1500.0 0.0 -100.0
1500.0 0.0 0.0
1500.0 0.0 100.0
1500.0 0.0 200.0
1500.0 0.0 300.0
1500.0 0.0 400.0
1500.0 0.0 500.0
1500.0 0.0 600.0
1500.0 0.0 700.0
1500.0 0.0 800.0
1500.0 0.0 900.0
1500.0 0.0 1000.0
1500.0 0.0 1100.0
1500.0 0.0 1200.0
1500.0 0.0 1300.0
1500.0 0.0 1400.0
1500.0 0.0 1500.0
1500.0 0.0 1600.0
1500.0 0.0 1700.0
1500.0 0.0 1800.0
1500.0 0.0 1900.0
1500.0 0.0 2000.0
1500.0 0.0 2100.0
1500.0 0.0 2200.0
1500.0 0.0 2300.0
1500.0 0.0 2400.0
1500.0 0.0 2500.0
1500.0 0.0 2600.0
1500.0 0.0 2700.0
1500.0 0.0 2800.0
1500.0 0.0 2900.0
1500.0 0.0 3000.0
1500.0 0.0 3100.0
1500.0 0.0 3200.0
1500.0 0.0 3300.0
1500.0 0.0 3400.0
1500.0 0.0 3500.0
1500.0 0.0 3600.0
1500.0 0.0 3700.0
1500.0 0.0 3800.0
1500.0 0.0 3900.0
1500.0 0.0 4000.0
1500.0 0.0 4100.0
1500.0 0.0 4200.0
1500.0 0.0 4300.0
1500.0 0.0 4400.0
1500.0 0.0 4500.0
1500.0 0.0 4600.0
1500.0 0.0 4700.0
1500.0 0.0 4800.0
1500.0 0.0 4900.0
1500.0 0.0 5000.0
1600.0 0.0 -1000.0
1600.0 0.0 -900.0
1600.0 0.0 -800.0
1600.0 0.0 -700.0
1600.0 0.0 -600.0
1600.0 0.0 -500.0
1600.0 0.0 -400.0
1600.0 0.0 -300.0
1600.0 0.0 -200.0
1600.0 0.0 -100.0
1600.0 0.0 0.0
1600.0 0.0 100.0
1600.0 0.0 200.0
1600.0 0.0 300.0
1600.0 0.0 400.0
1600.0 0.0 500.0
1600.0 0.0 600.0
1600.0 0.0 700.0
1600.0 0.0 800.0
1600.0 0.0 900.0
1600.0 0.0 1000.0
1600.0 0.0 1100.0
1600.0 0.0 1200.0
1600.0 0.0 1300.0
1600.0 0.0 1400.0
1600.0 0.0 1500.0
1600.0 0.0 1600.0
1600.0 0.0 1700.0
1600.0 0.0 1800.0
1600.0 0.0 1900.0
1600.0 0.0 2000.0
1600.0 0.0 2100.0
1600.0 0.0 2200.0
1600.0 0.0 2300.0
1600.0 0.0 2400.0
1600.0 0.0 2500.0
1600.0 0.0 2600.0
1600.0 0.0 2700.0
1600.0 0.0 2800.0
1600.0 0.0 2900.0
1600.0 0.0 3000.0
1600.0 0.0 3100.0
1600.0 0.0 3200.0
1600.0 0.0 3300.0
1600.0 0.0 3400.0
1600.0 0.0 3500.0
1600.0 0.0 3600.0
1600.0 0.0 3700.0
1600.0 0.0 3800.0
1600.0 0.0 3900.0
1600.0 0.0 4000.0
1600.0 0.0 4100.0
1600.0 0.0 4200.0
1600.0 0.0 4300.0
1600.0 0.0 4400.0
1600.0 0.0 4500.0
1600.0 0.0 4600.0
1600.0 0.0 4700.0
1600.0 0.0 4800.0
1600.0 0.0 4900.0
1600.0 0.0 5000.0
1700.0 0.0 -1000.0
1700.0 0.0 -900.0
1700.0 0.0 -800.0
1700.0 0.0 -700.0
1700.0 0.0 -600.0
1700.0 0.0 -500.0
1700.0 0.0 -400.0
1700.0 0.0 -300.0
1700.0 0.0 -200.0
1700.0 0.0 -100.0
1700.0 0.0 0.0
1700.0 0.0 100.0
1700.0 0.0 200.0
1700.0 0.0 300.0
1700.0 0.0 400.0
1700.0 0.0 500.0
1700.0 0.0 600.0
1700.0 0.0 700.0
1700.0 0.0 800.0
1700.0 0.0 900.0
1700.0 0.0 1000.0
1700.0 0.0 1100.0
1700.0 0.0 1200.0
1700.0 0.0 1300.0
1700.0 0.0 1400.0
1700.0 0.0 1500.0
1700.0 0.0 1600.0
1700.0 0.0 1700.0
1700.0 0.0 1800.0
1700.0 0.0 1900.0
1700.0 0.0 2000.0
1700.0 0.0 2100.0
1700.0 0.0 2200.0
1700.0 0.0 2300.0
1700.0 0.0 2400.0
1700.0 0.0 2500.0
1700.0 0.0 2600.0
1700.0 0.0 2700.0
1700.0 0.0 2800.0
1700.0 0.0 2900.0
1700.0 0.0 3000.0
1700.0 0.0 3100.0
1700.0 0.0 3200.0
1700.0 0.0 3300.0
1700.0 0.0 3400.0
1700.0 0.0 3500.0
1700.0 0.0 3600.0
1700.0 0.0 3700.0
1700.0 0.0 3800.0
1700.0 0.0 3900.0
1700.0 0.0 4000.0
1700.0 0.0 4100.0
1700.0 0.0 4200.0
1700.0 0.0 4300.0
1700.0 0.0 4400.0
1700.0 0.0 4500.0
1700.0 0.0 4600.0
1700.0 0.0 4700.0
1700.0 0.0 4800.0
1700.0 0.0 4900.0
1700.0 0.0 5000.0
1800.0 0.0 -1000.0
1800.0 0.0 -900.0
1800.0 0.0 -800.0
1800.0 0.0 -700.0
1800.0 0.0 -600.0
1800.0 0.0 -500.0
1800.0 0.0 -400.0
1800.0 0.0 -300.0
1800.0 0.0 -200.0
1800.0 0.0 -100.0
1800.0 0.0 0.0
1800.0 0.0 100.0
1800.0 0.0 200.0
1800.0 0.0 300.0
1800.0 0.0 400.0
1800.0 0.0 500.0
1800.0 0.0 600.0
1800.0 0.0 700.0
1800.0 0.0 800.0
1800.0 0.0 900.0
1800.0 0.0 1000.0
1800.0 0.0 1100.0
1800.0 0.0 1200.0
1800.0 0.0 1300.0
1800.0 0.0 1400.0
1800.0 0.0 1500.0
1800.0 0.0 1600.0
1800.0 0.0 1700.0
1800.0 0.0 1800.0
1800.0 0.0 1900.0
1800.0 0.0 2000.0
1800.0 0.0 2100.0
1800.0 0.0 2200.0
1800.0 0.0 2300.0
1800.0 0.0 2400.0
1800.0 0.0 2500.0
1800.0 0.0 2600.0
1800.0 0.0 2700.0
1800.0 0.0 2800.0
1800.0 0.0 2900.0
1800.0 0.0 3000.0
1800.0 0.0 3100.0
1800.0 0.0 3200.0
1800.0 0.0 3300.0
1800.0 0.0 3400.0
1800.0 0.0 3500.0
1800.0 0.0 3600.0
1800.0 0.0 3700.0
1800.0 0.0 3800.0
1800.0 0.0 3900.0
1800.0 0.0 4000.0
1800.0 0.0 4100.0
1800.0 0.0 4200.0
1800.0 0.0 4300.0
1800.0 0.0 4400.0
1800.0 0.0 4500.0
1800.0 0.0 4600.0
1800.0 0.0 4700.0
1800.0 0.0 4800.0
1800.0 0.0 4900.0
1800.0 0.0 5000.0
1900.0 0.0 -1000.0
1900.0 0.0 -900.0
1900.0 0.0 -800.0
1900.0 0.0 -700.0
1900.0 0.0 -600.0
1900.0 0.0 -500.0
1900.0 0.0 -400.0
1900.0 0.0 -300.0
1900.0 0.0 -200.0
1900.0 0.0 -100.0
1900.0 0.0 0.0
1900.0 0.0 100.0
1900.0 0.0 200.0
1900.0 0.0 300.0
1900.0 0.0 400.0
1900.0 0.0 500.0
1900.0 0.0 600.0
1900.0 0.0 700.0
1900.0 0.0 800.0
1900.0 0.0 900.0
1900.0 0.0 1000.0
1900.0 0.0 1100.0
1900.0 0.0 1200.0
1900.0 0.0 1300.0
1900.0 0.0 1400.0
1900.0 0.0 1500.0
1900.0 0.0 1600.0
1900.0 0.0 1700.0
1900.0 0.0 1800.0
1900.0 0.0 1900.0
1900.0 0.0 2000.0
1900.0 0.0 2100.0
1900.0 0.0 2200.0
1900.0 0.0 2300.0
1900.0 0.0 2400.0
1900.0 0.0 2500.0
1900.0 0.0 2600.0
1900.0 0.0 2700.0
1900.0 0.0 2800.0
1900.0 0.0 2900.0
1900.0 0.0 3000.0
1900.0 0.0 3100.0
1900.0 0.0 3200.0
1900.0 0.0 3300.0
1900.0 0.0 3400.0
1900.0 0.0 3500.0
1900.0 0.0 3600.0
1900.0 0.0 3700.0
1900.0 0.0 3800.0
1900.0 0.0 3900.0
1900.0 0.0 4000.0
1900.0 0.0 4100.0
1900.0 0.0 4200.0
1900.0 0.0 4300.0
1900.0 0.0 4400.0
1900.0 0.0 4500.0
1900.0 0.0 4600.0
1900.0 0.0 4700.0
1900.0 0.0 4800.0
1900.0 0.0 4900.0
1900.0 0.0 5000.0
2000.0 0.0 -1000.0
2000.0 0.0 -900.0
2000.0 0.0 -800.0
2000.0 0.0 -700.0
2000.0 0.0 -600.0
2000.0 0.0 -500.0
2000.0 0.0 -400.0
2000.0 0.0 -300.0
2000.0 0.0 -200.0
2000.0 0.0 -100.0
2000.0 0.0 0.0
2000.0 0.0 100.0
2000.0 0.0 200.0
2000.0 0.0 300.0
2000.0 0.0 400.0
2000.0 0.0 500.0
2000.0 0.0 600.0
2000.0 0.0 700.0
2000.0 0.0 800.0
2000.0 0.0 900.0
2000.0 0.0 1000.0
2000.0 0.0 1100.0
2000.0 0.0 1200.0
2000.0 0.0 1300.0
2000.0 0.0 1400.0
2000.0 0.0 1500.0
2000.0 0.0 1600.0
2000.0 0.0 1700.0
2000.0 0.0 1800.0
2000.0 0.0 1900.0
2000.0 0.0 2000.0
2000.0 0.0 2100.0
2000.0 0.0 2200.0
2000.0 0.0 2300.0
2000.0 0.0 2400.0
2000.0 0.0 2500.0
2000.0 0.0 2600.0
2000.0 0.0 2700.0
2000.0 0.0 2800.0
2000.0 0.0 2900.0
2000.0 0.0 3000.0
2000.0 0.0 3100.0
2000.0 0.0 3200.0
2000.0 0.0 3300.0
2000.0 0.0 3400.0
2000.0 0.0 3500.0
2000.0 0.0 3600.0
2000.0 0.0 3700.0
2000.0 0.0 3800.0
2000.0 0.0 3900.0
2000.0 0.0 4000.0
2000.0 0.0 4100.0
2000.0 0.0 4200.0
2000.0 0.0 4300.0
2000.0 0.0 4400.0
2000.0 0.0 4500.0
2000.0 0.0 4600.0
2000.0 0.0 4700.0
2000.0 0.0 4800.0
2000.0 0.0 4900.0
2000.0 0.0 5000.0
2100.0 0.0 -1000.0
2100.0 0.0 -900.0
2100.0 0.0 -800.0
2100.0 0.0 -700.0
2100.0 0.0 -600.0
2100.0 0.0 -500.0
2100.0 0.0 -400.0
2100.0 0.0 -300.0
2100.0 0.0 -200.0
2100.0 0.0 -100.0
2100.0 0.0 0.0
2100.0 0.0 100.0
2100.0 0.0 200.0
2100.0 0.0 300.0
2100.0 0.0 400.0
2100.0 0.0 500.0
2100.0 0.0 600.0
2100.0 0.0 700.0
2100.0 0.0 800.0
2100.0 0.0 900.0
2100.0 0.0 1000.0
2100.0 0.0 1100.0
2100.0 0.0 1200.0
2100.0 0.0 1300.0
2100.0 0.0 1400.0
2100.0 0.0 1500.0
2100.0 0.0 1600.0
2100.0 0.0 1700.0
2100.0 0.0 1800.0
2100.0 0.0 1900.0
2100.0 0.0 2000.0
2100.0 0.0 2100.0
2100.0 0.0 2200.0
2100.0 0.0 2300.0
2100.0 0.0 2400.0
2100.0 0.0 2500.0
2100.0 0.0 2600.0
2100.0 0.0 2700.0
2100.0 0.0 2800.0
2100.0 0.0 2900.0
2100.0 0.0 3000.0
2100.0 0.0 3100.0
2100.0 0.0 3200.0
2100.0 0.0 3300.0
2100.0 0.0 3400.0
2100.0 0.0 3500.0
2100.0 0.0 3600.0
2100.0 0.0 3700.0
2100.0 0.0 3800.0
2100.0 0.0 3900.0
2100.0 0.0 4000.0
2100.0 0.0 4100.0
2100.0 0.0 4200.0
2100.0 0.0 4300.0
2100.0 0.0 4400.0
2100.0 0.0 4500.0
2100.0 0.0 4600.0
2100.0 0.0 4700.0
2100.0 0.0 4800.0
2100.0 0.0 4900.0
2100.0 0.0 5000.0
2200.0 0.0 -1000.0
2200.0 0.0 -900.0
2200.0 0.0 -800.0
2200.0 0.0 -700.0
2200.0 0.0 -600.0
2200.0 0.0 -500.0
2200.0 0.0 -400.0
2200.0 0.0 -300.0
2200.0 0.0 -200.0
2200.0 0.0 -100.0
2200.0 0.0 0.0
2200.0 0.0 100.0
2200.0 0.0 200.0
2200.0 0.0 300.0
2200.0 0.0 400.0
2200.0 0.0 500.0
2200.0 0.0 600.0
2200.0 0.0 700.0
2200.0 0.0 800.0
2200.0 0.0 900.0
2200.0 0.0 1000.0
2200.0 0.0 1100.0
2200.0 0.0 1200.0
2200.0 0.0 1300.0
2200.0 0.0 1400.0
2200.0 0.0 1500.0
2200.0 0.0 1600.0
2200.0 0.0 1700.0
2200.0 0.0 1800.0
2200.0 0.0 1900.0
2200.0 0.0 2000.0
2200.0 0.0 2100.0
2200.0 0.0 2200.0
2200.0 0.0 2300.0
2200.0 0.0 2400.0
2200.0 0.0 2500.0
2200.0 0.0 2600.0
2200.0 0.0 2700.0
2200.0 0.0 2800.0
2200.0 0.0 2900.0
2200.0 0.0 3000.0
2200.0 0.0 3100.0
2200.0 0.0 3200.0
2200.0 0.0 3300.0
2200.0 0.0 3400.0
2200.0 0.0 3500.0
2200.0 0.0 3600.0
2200.0 0.0 3700.0
2200.0 0.0 3800.0
2200.0 0.0 3900.0
2200.0 0.0 4000.0
2200.0 0.0 4100.0
2200.0 0.0 4200.0
2200.0 0.0 4300.0
2200.0 0.0 4400.0
2200.0 0.0 4500.0
2200.0 0.0 4600.0
2200.0 0.0 4700.0
2200.0 0.0 4800.0
2200.0 0.0 4900.0
2200.0 0.0 5000.0
2300.0 0.0 -1000.0
2300.0 0.0 -900.0
2300.0 0.0 -800.0
2300.0 0.0 -700.0
2300.0 0.0 -600.0
2300.0 0.0 -500.0
2300.0 0.0 -400.0
2300.0 0.0 -300.0
2300.0 0.0 -200.0
2300.0 0.0 -100.0
2300.0 0.0 0.0
2300.0 0.0 100.0
2300.0 0.0 200.0
2300.0 0.0 300.0
2300.0 0.0 400.0
2300.0 0.0 500.0
2300.0 0.0 600.0
2300.0 0.0 700.0
2300.0 0.0 800.0
2300.0 0.0 900.0
2300.0 0.0 1000.0
2300.0 0.0 1100.0
2300.0 0.0 1200.0
2300.0 0.0 1300.0
2300.0 0.0 1400.0
2300.0 0.0 1500.0
2300.0 0.0 1600.0
2300.0 0.0 1700.0
2300.0 0.0 1800.0
2300.0 0.0 1900.0
2300.0 0.0 2000.0
2300.0 0.0 2100.0
2300.0 0.0 2200.0
2300.0 0.0 2300.0
2300.0 0.0 2400.0
2300.0 0.0 2500.0
2300.0 0.0 2600.0
2300.0 0.0 2700.0
2300.0 0.0 2800.0
2300.0 0.0 2900.0
2300.0 0.0 3000.0
2300.0 0.0 3100.0
2300.0 0.0 3200.0
2300.0 0.0 3300.0
2300.0 0.0 3400.0
2300.0 0.0 3500.0
2300.0 0.0 3600.0
2300.0 0.0 3700.0
2300.0 0.0 3800.0
2300.0 0.0 3900.0
2300.0 0.0 4000.0
2300.0 0.0 4100.0
2300.0 0.0 4200.0
2300.0 0.0 4300.0
2300.0 0.0 4400.0
2300.0 0.0 4500.0
2300.0 0.0 4600.0
2300.0 0.0 4700.0
2300.0 0.0 4800.0
2300.0 0.0 4900.0
2300.0 0.0 5000.0
2400.0 0.0 -1000.0
2400.0 0.0 -900.0
2400.0 0.0 -800.0
2400.0 0.0 -700.0
2400.0 0.0 -600.0
2400.0 0.0 -500.0
2400.0 0.0 -400.0
2400.0 0.0 -300.0
2400.0 0.0 -200.0
2400.0 0.0 -100.0
2400.0 0.0 0.0
2400.0 0.0 100.0
2400.0 0.0 200.0
2400.0 0.0 300.0
2400.0 0.0 400.0
2400.0 0.0 500.0
2400.0 0.0 600.0
2400.0 0.0 700.0
2400.0 0.0 800.0
2400.0 0.0 900.0
2400.0 0.0 1000.0
2400.0 0.0 1100.0
2400.0 0.0 1200.0
2400.0 0.0 1300.0
2400.0 0.0 1400.0
2400.0 0.0 1500.0
2400.0 0.0 1600.0
2400.0 0.0 1700.0
2400.0 0.0 1800.0
2400.0 0.0 1900.0
2400.0 0.0 2000.0
2400.0 0.0 2100.0
2400.0 0.0 2200.0
2400.0 0.0 2300.0
2400.0 0.0 2400.0
2400.0 0.0 2500.0
2400.0 0.0 2600.0
2400.0 0.0 2700.0
2400.0 0.0 2800.0
2400.0 0.0 2900.0
2400.0 0.0 3000.0
2400.0 0.0 3100.0
2400.0 0.0 3200.0
2400.0 0.0 3300.0
2400.0 0.0 3400.0
2400.0 0.0 3500.0
2400.0 0.0 3600.0
2400.0 0.0 3700.0
2400.0 0.0 3800.0
2400.0 0.0 3900.0
2400.0 0.0 4000.0
2400.0 0.0 4100.0
2400.0 0.0 4200.0
2400.0 0.0 4300.0
2400.0 0.0 4400.0
2400.0 0.0 4500.0
2400.0 0.0 4600.0
2400.0 0.0 4700.0
2400.0 0.0 4800.0
2400.0 0.0 4900.0
2400.0 0.0 5000.0
2500.0 0.0 -1000.0
2500.0 0.0 -900.0
2500.0 0.0 -800.0
2500.0 0.0 -700.0
2500.0 0.0 -600.0
2500.0 0.0 -500.0
2500.0 0.0 -400.0
2500.0 0.0 -300.0
2500.0 0.0 -200.0
2500.0 0.0 -100.0
2500.0 0.0 0.0
2500.0 0.0 100.0
2500.0 0.0 200.0
2500.0 0.0 300.0
2500.0 0.0 400.0
2500.0 0.0 500.0
2500.0 0.0 600.0
2500.0 0.0 700.0
2500.0 0.0 800.0
2500.0 0.0 900.0
2500.0 0.0 1000.0
2500.0 0.0 1100.0
2500.0 0.0 1200.0
2500.0 0.0 1300.0
2500.0 0.0 1400.0
2500.0 0.0 1500.0
2500.0 0.0 1600.0
2500.0 0.0 1700.0
2500.0 0.0 1800.0
2500.0 0.0 1900.0
2500.0 0.0 2000.0
2500.0 0.0 2100.0
2500.0 0.0 2200.0
2500.0 0.0 2300.0
2500.0 0.0 2400.0
2500.0 0.0 2500.0
2500.0 0.0 2600.0
2500.0 0.0 2700.0
2500.0 0.0 2800.0
2500.0 0.0 2900.0
2500.0 0.0 3000.0
2500.0 0.0 3100.0
2500.0 0.0 3200.0
2500.0 0.0 3300.0
2500.0 0.0 3400.0
2500.0 0.0 3500.0
2500.0 0.0 3600.0
2500.0 0.0 3700.0
2500.0 0.0 3800.0
2500.0 0.0 3900.0
2500.0 0.0 4000.0
2500.0 0.0 4100.0
2500.0 0.0 4200.0
2500.0 0.0 4300.0
2500.0 0.0 4400.0
2500.0 0.0 4500.0
2500.0 0.0 4600.0
2500.0 0.0 4700.0
2500.0 0.0 4800.0
2500.0 0.0 4900.0
2500.0 0.0 5000.0
2600.0 0.0 -1000.0
2600.0 0.0 -900.0
2600.0 0.0 -800.0
2600.0 0.0 -700.0
2600.0 0.0 -600.0
2600.0 0.0 -500.0
2600.0 0.0 -400.0
2600.0 0.0 -300.0
2600.0 0.0 -200.0
2600.0 0.0 -100.0
2600.0 0.0 0.0
2600.0 0.0 100.0
2600.0 0.0 200.0
2600.0 0.0 300.0
2600.0 0.0 400.0
2600.0 0.0 500.0
2600.0 0.0 600.0
2600.0 0.0 700.0
2600.0 0.0 800.0
2600.0 0.0 900.0
2600.0 0.0 1000.0
2600.0 0.0 1100.0
2600.0 0.0 1200.0
2600.0 0.0 1300.0
2600.0 0.0 1400.0
2600.0 0.0 1500.0
2600.0 0.0 1600.0
2600.0 0.0 1700.0
2600.0 0.0 1800.0
2600.0 0.0 1900.0
2600.0 0.0 2000.0
2600.0 0.0 2100.0
2600.0 0.0 2200.0
2600.0 0.0 2300.0
2600.0 0.0 2400.0
2600.0 0.0 2500.0
2600.0 0.0 2600.0
2600.0 0.0 2700.0
2600.0 0.0 2800.0
2600.0 0.0 2900.0
2600.0 0.0 3000.0
2600.0 0.0 3100.0
2600.0 0.0 3200.0
2600.0 0.0 3300.0
2600.0 0.0 3400.0
2600.0 0.0 3500.0
2600.0 0.0 3600.0
2600.0 0.0 3700.0
2600.0 0.0 3800.0
2600.0 0.0 3900.0
2600.0 0.0 4000.0
2600.0 0.0 4100.0
2600.0 0.0 4200.0
2600.0 0.0 4300.0
2600.0 0.0 4400.0
2600.0 0.0 4500.0
2600.0 0.0 4600.0
2600.0 0.0 4700.0
2600.0 0.0 4800.0
2600.0 0.0 4900.0
2600.0 0.0 5000.0
2700.0 0.0 -1000.0
2700.0 0.0 -900.0
2700.0 0.0 -800.0
2700.0 0.0 -700.0
2700.0 0.0 -600.0
2700.0 0.0 -500.0
2700.0 0.0 -400.0
2700.0 0.0 -300.0
2700.0 0.0 -200.0
2700.0 0.0 -100.0
2700.0 0.0 0.0
2700.0 0.0 100.0
2700.0 0.0 200.0
2700.0 0.0 300.0
2700.0 0.0 400.0
2700.0 0.0 500.0
2700.0 0.0 600.0
2700.0 0.0 700.0
2700.0 0.0 800.0
2700.0 0.0 900.0
2700.0 0.0 1000.0
2700.0 0.0 1100.0
2700.0 0.0 1200.0
2700.0 0.0 1300.0
2700.0 0.0 1400.0
2700.0 0.0 1500.0
2700.0 0.0 1600.0
2700.0 0.0 1700.0
2700.0 0.0 1800.0
2700.0 0.0 1900.0
2700.0 0.0 2000.0
2700.0 0.0 2100.0
2700.0 0.0 2200.0
2700.0 0.0 2300.0
2700.0 0.0 2400.0
2700.0 0.0 2500.0
2700.0 0.0 2600.0
2700.0 0.0 2700.0
2700.0 0.0 2800.0
2700.0 0.0 2900.0
2700.0 0.0 3000.0
2700.0 0.0 3100.0
2700.0 0.0 3200.0
2700.0 0.0 3300.0
2700.0 0.0 3400.0
2700.0 0.0 3500.0
2700.0 0.0 3600.0
2700.0 0.0 3700.0
2700.0 0.0 3800.0
2700.0 0.0 3900.0
2700.0 0.0 4000.0
2700.0 0.0 4100.0
2700.0 0.0 4200.0
2700.0 0.0 4300.0
2700.0 0.0 4400.0
2700.0 0.0 4500.0
2700.0 0.0 4600.0
2700.0 0.0 4700.0
2700.0 0.0 4800.0
2700.0 0.0 4900.0
2700.0 0.0 5000.0
2800.0 0.0 -1000.0
2800.0 0.0 -900.0
2800.0 0.0 -800.0
2800.0 0.0 -700.0
2800.0 0.0 -600.0
2800.0 0.0 -500.0
2800.0 0.0 -400.0
2800.0 0.0 -300.0
2800.0 0.0 -200.0
2800.0 0.0 -100.0
2800.0 0.0 0.0
2800.0 0.0 100.0
2800.0 0.0 200.0
2800.0 0.0 300.0
2800.0 0.0 400.0
2800.0 0.0 500.0
2800.0 0.0 600.0
2800.0 0.0 700.0
2800.0 0.0 800.0
2800.0 0.0 900.0
2800.0 0.0 1000.0
2800.0 0.0 1100.0
2800.0 0.0 1200.0
2800.0 0.0 1300.0
2800.0 0.0 1400.0
2800.0 0.0 1500.0
2800.0 0.0 1600.0
2800.0 0.0 1700.0
2800.0 0.0 1800.0
2800.0 0.0 1900.0
2800.0 0.0 2000.0
2800.0 0.0 2100.0
2800.0 0.0 2200.0
2800.0 0.0 2300.0
2800.0 0.0 2400.0
2800.0 0.0 2500.0
2800.0 0.0 2600.0
2800.0 0.0 2700.0
2800.0 0.0 2800.0
2800.0 0.0 2900.0
2800.0 0.0 3000.0
2800.0 0.0 3100.0
2800.0 0.0 3200.0
2800.0 0.0 3300.0
2800.0 0.0 3400.0
2800.0 0.0 3500.0
2800.0 0.0 3600.0
2800.0 0.0 3700.0
2800.0 0.0 3800.0
2800.0 0.0 3900.0
2800.0 0.0 4000.0
2800.0 0.0 4100.0
2800.0 0.0 4200.0
2800.0 0.0 4300.0
2800.0 0.0 4400.0
2800.0 0.0 4500.0
2800.0 0.0 4600.0
2800.0 0.0 4700.0
2800.0 0.0 4800.0
2800.0 0.0 4900.0
2800.0 0.0 5000.0
2900.0 0.0 -1000.0
2900.0 0.0 -900.0
2900.0 0.0 -800.0
2900.0 0.0 -700.0
2900.0 0.0 -600.0
2900.0 0.0 -500.0
2900.0 0.0 -400.0
2900.0 0.0 -300.0
2900.0 0.0 -200.0
2900.0 0.0 -100.0
2900.0 0.0 0.0
2900.0 0.0 100.0
2900.0 0.0 200.0
2900.0 0.0 300.0
2900.0 0.0 400.0
2900.0 0.0 500.0
2900.0 0.0 600.0
2900.0 0.0 700.0
2900.0 0.0 800.0
2900.0 0.0 900.0
2900.0 0.0 1000.0
2900.0 0.0 1100.0
2900.0 0.0 1200.0
2900.0 0.0 1300.0
2900.0 0.0 1400.0
2900.0 0.0 1500.0
2900.0 0.0 1600.0
2900.0 0.0 1700.0
2900.0 0.0 1800.0
2900.0 0.0 1900.0
2900.0 0.0 2000.0
2900.0 0.0 2100.0
2900.0 0.0 2200.0
2900.0 0.0 2300.0
2900.0 0.0 2400.0
2900.0 0.0 2500.0
2900.0 0.0 2600.0
2900.0 0.0 2700.0
2900.0 0.0 2800.0
2900.0 0.0 2900.0
2900.0 0.0 3000.0
2900.0 0.0 3100.0
2900.0 0.0 3200.0
2900.0 0.0 3300.0
2900.0 0.0 3400.0
2900.0 0.0 3500.0
2900.0 0.0 3600.0
2900.0 0.0 3700.0
2900.0 0.0 3800.0
2900.0 0.0 3900.0
2900.0 0.0 4000.0
2900.0 0.0 4100.0
2900.0 0.0 4200.0
2900.0 0.0 4300.0
2900.0 0.0 4400.0
2900.0 0.0 4500.0
2900.0 0.0 4600.0
2900.0 0.0 4700.0
2900.0 0.0 4800.0
2900.0 0.0 4900.0
2900.0 0.0 5000.0
3000.0 0.0 -1000.0
3000.0 0.0 -900.0
3000.0 0.0 -800.0
3000.0 0.0 -700.0
3000.0 0.0 -600.0
3000.0 0.0 -500.0
3000.0 0.0 -400.0
3000.0 0.0 -300.0
3000.0 0.0 -200.0
3000.0 0.0 -100.0
3000.0 0.0 0.0
3000.0 0.0 100.0
3000.0 0.0 200.0
3000.0 0.0 300.0
3000.0 0.0 400.0
3000.0 0.0 500.0
3000.0 0.0 600.0
3000.0 0.0 700.0
3000.0 0.0 800.0
3000.0 0.0 900.0
3000.0 0.0 1000.0
3000.0 0.0 1100.0
3000.0 0.0 1200.0
3000.0 0.0 1300.0
3000.0 0.0 1400.0
3000.0 0.0 1500.0
3000.0 0.0 1600.0
3000.0 0.0 1700.0
3000.0 0.0 1800.0
3000.0 0.0 1900.0
3000.0 0.0 2000.0
3000.0 0.0 2100.0
3000.0 0.0 2200.0
3000.0 0.0 2300.0
3000.0 0.0 2400.0
3000.0 0.0 2500.0
3000.0 0.0 2600.0
3000.0 0.0 2700.0
3000.0 0.0 2800.0
3000.0 0.0 2900.0
3000.0 0.0 3000.0
3000.0 0.0 3100.0
3000.0 0.0 3200.0
3000.0 0.0 3300.0
3000.0 0.0 3400.0
3000.0 0.0 3500.0
3000.0 0.0 3600.0
3000.0 0.0 3700.0
3000.0 0.0 3800.0
3000.0 0.0 3900.0
3000.0 0.0 4000.0
3000.0 0.0 4100.0
3000.0 0.0 4200.0
3000.0 0.0 4300.0
3000.0 0.0 4400.0
3000.0 0.0 4500.0
3000.0 0.0 4600.0
3000.0 0.0 4700.0
3000.0 0.0 4800.0
3000.0 0.0 4900.0
3000.0 0.0 5000.0
