# DIPOLE TYPE: 1 

# NQUAD: 101 

# RTOL: 1e-12 
# ATOL: 1e-30 

# TRANSMITTERS: 1
0.0 0.0 2050.0 1.0 0.0 90.0

# FREQUENCIES: 2
0.25
1

# LAYERS: 5
-1e+150 1000000000000.0
0.0 0.3
1000.0 1.0
2000.0 100.0
2100.0 1.0

# RECEIVERS: 32
500.0 0.0 1500.0
500.0 0.0 1550.0
500.0 0.0 1600.0
500.0 0.0 1650.0
500.0 0.0 1700.0
500.0 0.0 1750.0
500.0 0.0 1800.0
500.0 0.0 1850.0
500.0 0.0 1900.0
500.0 0.0 1950.0
500.0 0.0 2000.0
500.0 0.0 2050.0
500.0 0.0 2100.0
500.0 0.0 2150.0
500.0 0.0 2200.0
500.0 0.0 2250.0
500.0 0.0 2300.0
500.0 0.0 2350.0
500.0 0.0 2400.0
500.0 0.0 2450.0
500.0 0.0 2500.0
500.0 0.0 2550.0
500.0 0.0 2600.0
500.0 0.0 2650.0
500.0 0.0 2700.0
500.0 0.0 2750.0
500.0 0.0 2800.0
500.0 0.0 2850.0
500.0 0.0 2900.0
500.0 0.0 2950.0
500.0 0.0 3000.0
500.0 0.0 3050.0
